
--------------- CONFIGURATION 5.6 ----------------
1 1.4         1.4         1.4     0  0 -0
1 4.2         4.2         1.4     -0 -0  0
1 4.2         1.4         4.2     -0  0  0
1 1.4         4.2         4.2     -0  0 -0
1 0  0  0     0 -0 -0
1 2.8         2.8           0     -0 -0  0
1 2.8           0         2.8     0 -0  0
1 0         2.8         2.8     0 -0 -0
-35.009
      57.41781    57.41781    57.41781     0.00000    -0.00000     0.00000
5.6

--------------- CONFIGURATION 5.62 ----------------
1 1.405       1.405       1.405     -0 -0 -0
1 4.215       4.215       1.405     -0 -0 -0
1 4.215       1.405       4.215     -0 -0 -0
1 1.405       4.215       4.215     0  0 -0
1 0  0  0     0  0  0
1 2.81        2.81           0     0  0  0
1 2.81           0        2.81     0 -0  0
1 0        2.81        2.81     0  0  0
-35.075
      48.44636    48.44636    48.44636    -0.00000     0.00000    -0.00000
5.62

--------------- CONFIGURATION 5.64 ----------------
1 1.41        1.41        1.41     -0 -0  0
1 4.23        4.23        1.41     -0  0 -0
1 4.23        1.41        4.23     0 -0 -0
1 1.41        4.23        4.23     -0  0 -0
1 0  0  0     0 -0  0
1 2.82        2.82           0     0  0 -0
1 2.82           0        2.82     0  0  0
1 0        2.82        2.82     0  0  0
-35.131
      39.95555    39.95555    39.95555     0.00000     0.00000     0.00000
5.64

--------------- CONFIGURATION 5.65 ----------------
1 1.4125      1.4125      1.4125     -0  0 -0
1 4.2375      4.2375      1.4125     -0 -0 -0
1 4.2375      1.4125      4.2375     -0  0 -0
1 1.4125      4.2375      4.2375     -0 -0  0
1 0  0  0     -0  0  0
1 2.825       2.825           0     0 -0  0
1 2.825           0       2.825     0 -0  0
1 0       2.825       2.825     0 -0  0
-35.155
      35.88182    35.88182    35.88182    -0.00000    -0.00000    -0.00000
5.65

--------------- CONFIGURATION 5.655 ----------------
1 1.4138      1.4138      1.4138     0  0  0
1 4.2412      4.2412      1.4138     0  0  0
1 4.2412      1.4138      4.2412     0  0 -0
1 1.4138      4.2412      4.2412     0 -0  0
1 0  0  0     -0 -0 -0
1 2.8275      2.8275           0     -0 -0 -0
1 2.8275           0      2.8275     -0  0 -0
1 0      2.8275      2.8275     0 -0  0
-35.167
      33.95228    33.95228    33.95228    -0.00000    -0.00000     0.00000
5.655

--------------- CONFIGURATION 5.66 ----------------
1 1.415       1.415       1.415     0  0  0
1 4.245       4.245       1.415     0  0  0
1 4.245       1.415       4.245     0 -0  0
1 1.415       4.245       4.245     -0  0  0
1 0  0  0     -0 -0 -0
1 2.83        2.83           0     -0  0 -0
1 2.83           0        2.83     0 -0 -0
1 0        2.83        2.83     0  0 -0
-35.177
      32.02667    32.02667    32.02667     0.00000    -0.00000     0.00000
5.66

--------------- CONFIGURATION 5.67 ----------------
1 1.4175      1.4175      1.4175     -0 -0 -0
1 4.2525      4.2525      1.4175     -0  0 -0
1 4.2525      1.4175      4.2525     -0  0 -0
1 1.4175      4.2525      4.2525     -0 -0 -0
1 0  0  0     0  0  0
1 2.835       2.835           0     0 -0  0
1 2.835           0       2.835     0 -0  0
1 0       2.835       2.835     0 -0  0
-35.197
      28.36234    28.36234    28.36234     0.00000    -0.00000     0.00000
5.67

--------------- CONFIGURATION 5.68 ----------------
1 1.42        1.42        1.42     -0 -0 -0
1 4.26        4.26        1.42     -0 -0 -0
1 4.26        1.42        4.26     -0 -0 -0
1 1.42        4.26        4.26     -0  0 -0
1 0  0  0     0  0  0
1 2.84        2.84           0     0  0  0
1 2.84           0        2.84     0  0  0
1 0        2.84        2.84     0  0  0
-35.215
      24.60890    24.60890    24.60890    -0.00000     0.00000     0.00000
5.68

--------------- CONFIGURATION 5.7 ----------------
1 1.425       1.425       1.425     -0 -0  0
1 4.275       4.275       1.425     -0 -0  0
1 4.275       1.425       4.275     0 -0  0
1 1.425       4.275       4.275     -0 -0 -0
1 0  0  0     0  0 -0
1 2.85        2.85           0     0  0 -0
1 2.85           0        2.85     0  0  0
1 0        2.85        2.85     -0  0 -0
-35.248
      17.63859    17.63859    17.63859     0.00000    -0.00000    -0.00000
5.7
