0	0	0
0	2.124	2.124
2.124	0	2.124
2.124	2.124	0
0	0	4.248
0	2.124	6.372
2.124	0	6.372
2.124	2.124	4.248
0	4.248	0
0	6.372	2.124
2.124	4.248	2.124
0	4.248	4.248
0	6.372	6.372
2.124	4.248	6.372
2.124	6.372	4.248
2.124	6.372	0
4.248	0	0
4.248	2.124	2.124
6.372	0	2.124
6.372	2.124	0
4.248	0	4.248
4.248	2.124	6.372
6.372	0	6.372
6.372	2.124	4.248
4.248	4.248	0
4.248	6.372	2.124
6.372	4.248	2.124
6.372	6.372	0
4.248	4.248	4.248
4.248	6.372	6.372
6.372	4.248	6.372
6.372	6.372	4.248
2.124	0	0
2.124	2.124	2.124
0	0	2.124
0	2.124	0
2.124	0	4.248
2.124	2.124	6.372
0	0	6.372
0	2.124	4.248
2.124	4.248	0
2.124	6.372	2.124
0	4.248	2.124
0	6.372	0
2.124	4.248	4.248
2.124	6.372	6.372
0	4.248	6.372
0	6.372	4.248
6.372	0	0
6.372	2.124	2.124
4.248	0	2.124
4.248	2.124	0
6.372	0	4.248
6.372	2.124	6.372
4.248	0	6.372
4.248	2.124	4.248
6.372	4.248	0
6.372	6.372	2.124
4.248	4.248	2.124
4.248	6.372	0
6.372	4.248	4.248
6.372	6.372	6.372
4.248	4.248	6.372
4.248	6.372	4.248
