ii
1 1 1 1 0
1 1 1 2 0
1 1 1 3 0
1 2 1 1 0
1 2 1 2 0
1 2 1 3 0
1 3 1 1 0
1 3 1 2 0
1 3 1 3 0
2 1 2 1 0
2 1 2 2 0
2 1 2 3 0
2 2 2 1 0
2 2 2 2 0
2 2 2 3 0
2 3 2 1 0
2 3 2 2 0
2 3 2 3 0
3 1 3 1 0
3 1 3 2 0
3 1 3 3 0
3 2 3 1 0
3 2 3 2 0
3 2 3 3 0
3 3 3 1 0
3 3 3 2 0
3 3 3 3 0
4 1 4 1 0
4 1 4 2 0
4 1 4 3 0
4 2 4 1 0
4 2 4 2 0
4 2 4 3 0
4 3 4 1 0
4 3 4 2 0
4 3 4 3 0
5 1 5 1 0
5 1 5 2 0
5 1 5 3 0
5 2 5 1 0
5 2 5 2 0
5 2 5 3 0
5 3 5 1 0
5 3 5 2 0
5 3 5 3 0
6 1 6 1 0
6 1 6 2 0
6 1 6 3 0
6 2 6 1 0
6 2 6 2 0
6 2 6 3 0
6 3 6 1 0
6 3 6 2 0
6 3 6 3 0
7 1 7 1 0
7 1 7 2 0
7 1 7 3 0
7 2 7 1 0
7 2 7 2 0
7 2 7 3 0
7 3 7 1 0
7 3 7 2 0
7 3 7 3 0
8 1 8 1 0
8 1 8 2 0
8 1 8 3 0
8 2 8 1 0
8 2 8 2 0
8 2 8 3 0
8 3 8 1 0
8 3 8 2 0
8 3 8 3 0
9 1 9 1 0
9 1 9 2 0
9 1 9 3 0
9 2 9 1 0
9 2 9 2 0
9 2 9 3 0
9 3 9 1 0
9 3 9 2 0
9 3 9 3 0
10 1 10 1 0
10 1 10 2 0
10 1 10 3 0
10 2 10 1 0
10 2 10 2 0
10 2 10 3 0
10 3 10 1 0
10 3 10 2 0
10 3 10 3 0
11 1 11 1 0
11 1 11 2 0
11 1 11 3 0
11 2 11 1 0
11 2 11 2 0
11 2 11 3 0
11 3 11 1 0
11 3 11 2 0
11 3 11 3 0
12 1 12 1 0
12 1 12 2 0
12 1 12 3 0
12 2 12 1 0
12 2 12 2 0
12 2 12 3 0
12 3 12 1 0
12 3 12 2 0
12 3 12 3 0
13 1 13 1 0
13 1 13 2 0
13 1 13 3 0
13 2 13 1 0
13 2 13 2 0
13 2 13 3 0
13 3 13 1 0
13 3 13 2 0
13 3 13 3 0
14 1 14 1 0
14 1 14 2 0
14 1 14 3 0
14 2 14 1 0
14 2 14 2 0
14 2 14 3 0
14 3 14 1 0
14 3 14 2 0
14 3 14 3 0
15 1 15 1 0
15 1 15 2 0
15 1 15 3 0
15 2 15 1 0
15 2 15 2 0
15 2 15 3 0
15 3 15 1 0
15 3 15 2 0
15 3 15 3 0
16 1 16 1 0
16 1 16 2 0
16 1 16 3 0
16 2 16 1 0
16 2 16 2 0
16 2 16 3 0
16 3 16 1 0
16 3 16 2 0
16 3 16 3 0
17 1 17 1 0
17 1 17 2 0
17 1 17 3 0
17 2 17 1 0
17 2 17 2 0
17 2 17 3 0
17 3 17 1 0
17 3 17 2 0
17 3 17 3 0
18 1 18 1 0
18 1 18 2 0
18 1 18 3 0
18 2 18 1 0
18 2 18 2 0
18 2 18 3 0
18 3 18 1 0
18 3 18 2 0
18 3 18 3 0
19 1 19 1 0
19 1 19 2 0
19 1 19 3 0
19 2 19 1 0
19 2 19 2 0
19 2 19 3 0
19 3 19 1 0
19 3 19 2 0
19 3 19 3 0
20 1 20 1 0
20 1 20 2 0
20 1 20 3 0
20 2 20 1 0
20 2 20 2 0
20 2 20 3 0
20 3 20 1 0
20 3 20 2 0
20 3 20 3 0
21 1 21 1 0
21 1 21 2 0
21 1 21 3 0
21 2 21 1 0
21 2 21 2 0
21 2 21 3 0
21 3 21 1 0
21 3 21 2 0
21 3 21 3 0
22 1 22 1 0
22 1 22 2 0
22 1 22 3 0
22 2 22 1 0
22 2 22 2 0
22 2 22 3 0
22 3 22 1 0
22 3 22 2 0
22 3 22 3 0
23 1 23 1 0
23 1 23 2 0
23 1 23 3 0
23 2 23 1 0
23 2 23 2 0
23 2 23 3 0
23 3 23 1 0
23 3 23 2 0
23 3 23 3 0
24 1 24 1 0
24 1 24 2 0
24 1 24 3 0
24 2 24 1 0
24 2 24 2 0
24 2 24 3 0
24 3 24 1 0
24 3 24 2 0
24 3 24 3 0
25 1 25 1 0
25 1 25 2 0
25 1 25 3 0
25 2 25 1 0
25 2 25 2 0
25 2 25 3 0
25 3 25 1 0
25 3 25 2 0
25 3 25 3 0
26 1 26 1 0
26 1 26 2 0
26 1 26 3 0
26 2 26 1 0
26 2 26 2 0
26 2 26 3 0
26 3 26 1 0
26 3 26 2 0
26 3 26 3 0
27 1 27 1 0
27 1 27 2 0
27 1 27 3 0
27 2 27 1 0
27 2 27 2 0
27 2 27 3 0
27 3 27 1 0
27 3 27 2 0
27 3 27 3 0
28 1 28 1 0
28 1 28 2 0
28 1 28 3 0
28 2 28 1 0
28 2 28 2 0
28 2 28 3 0
28 3 28 1 0
28 3 28 2 0
28 3 28 3 0
29 1 29 1 0
29 1 29 2 0
29 1 29 3 0
29 2 29 1 0
29 2 29 2 0
29 2 29 3 0
29 3 29 1 0
29 3 29 2 0
29 3 29 3 0
30 1 30 1 0
30 1 30 2 0
30 1 30 3 0
30 2 30 1 0
30 2 30 2 0
30 2 30 3 0
30 3 30 1 0
30 3 30 2 0
30 3 30 3 0
31 1 31 1 0
31 1 31 2 0
31 1 31 3 0
31 2 31 1 0
31 2 31 2 0
31 2 31 3 0
31 3 31 1 0
31 3 31 2 0
31 3 31 3 0
32 1 32 1 0
32 1 32 2 0
32 1 32 3 0
32 2 32 1 0
32 2 32 2 0
32 2 32 3 0
32 3 32 1 0
32 3 32 2 0
32 3 32 3 0
33 1 33 1 0
33 1 33 2 0
33 1 33 3 0
33 2 33 1 0
33 2 33 2 0
33 2 33 3 0
33 3 33 1 0
33 3 33 2 0
33 3 33 3 0
34 1 34 1 0
34 1 34 2 0
34 1 34 3 0
34 2 34 1 0
34 2 34 2 0
34 2 34 3 0
34 3 34 1 0
34 3 34 2 0
34 3 34 3 0
35 1 35 1 0
35 1 35 2 0
35 1 35 3 0
35 2 35 1 0
35 2 35 2 0
35 2 35 3 0
35 3 35 1 0
35 3 35 2 0
35 3 35 3 0
36 1 36 1 0
36 1 36 2 0
36 1 36 3 0
36 2 36 1 0
36 2 36 2 0
36 2 36 3 0
36 3 36 1 0
36 3 36 2 0
36 3 36 3 0
37 1 37 1 0
37 1 37 2 0
37 1 37 3 0
37 2 37 1 0
37 2 37 2 0
37 2 37 3 0
37 3 37 1 0
37 3 37 2 0
37 3 37 3 0
38 1 38 1 0
38 1 38 2 0
38 1 38 3 0
38 2 38 1 0
38 2 38 2 0
38 2 38 3 0
38 3 38 1 0
38 3 38 2 0
38 3 38 3 0
39 1 39 1 0
39 1 39 2 0
39 1 39 3 0
39 2 39 1 0
39 2 39 2 0
39 2 39 3 0
39 3 39 1 0
39 3 39 2 0
39 3 39 3 0
40 1 40 1 0
40 1 40 2 0
40 1 40 3 0
40 2 40 1 0
40 2 40 2 0
40 2 40 3 0
40 3 40 1 0
40 3 40 2 0
40 3 40 3 0
41 1 41 1 0
41 1 41 2 0
41 1 41 3 0
41 2 41 1 0
41 2 41 2 0
41 2 41 3 0
41 3 41 1 0
41 3 41 2 0
41 3 41 3 0
42 1 42 1 0
42 1 42 2 0
42 1 42 3 0
42 2 42 1 0
42 2 42 2 0
42 2 42 3 0
42 3 42 1 0
42 3 42 2 0
42 3 42 3 0
43 1 43 1 0
43 1 43 2 0
43 1 43 3 0
43 2 43 1 0
43 2 43 2 0
43 2 43 3 0
43 3 43 1 0
43 3 43 2 0
43 3 43 3 0
44 1 44 1 0
44 1 44 2 0
44 1 44 3 0
44 2 44 1 0
44 2 44 2 0
44 2 44 3 0
44 3 44 1 0
44 3 44 2 0
44 3 44 3 0
45 1 45 1 0
45 1 45 2 0
45 1 45 3 0
45 2 45 1 0
45 2 45 2 0
45 2 45 3 0
45 3 45 1 0
45 3 45 2 0
45 3 45 3 0
46 1 46 1 0
46 1 46 2 0
46 1 46 3 0
46 2 46 1 0
46 2 46 2 0
46 2 46 3 0
46 3 46 1 0
46 3 46 2 0
46 3 46 3 0
47 1 47 1 0
47 1 47 2 0
47 1 47 3 0
47 2 47 1 0
47 2 47 2 0
47 2 47 3 0
47 3 47 1 0
47 3 47 2 0
47 3 47 3 0
48 1 48 1 0
48 1 48 2 0
48 1 48 3 0
48 2 48 1 0
48 2 48 2 0
48 2 48 3 0
48 3 48 1 0
48 3 48 2 0
48 3 48 3 0
49 1 49 1 0
49 1 49 2 0
49 1 49 3 0
49 2 49 1 0
49 2 49 2 0
49 2 49 3 0
49 3 49 1 0
49 3 49 2 0
49 3 49 3 0
50 1 50 1 0
50 1 50 2 0
50 1 50 3 0
50 2 50 1 0
50 2 50 2 0
50 2 50 3 0
50 3 50 1 0
50 3 50 2 0
50 3 50 3 0
51 1 51 1 0
51 1 51 2 0
51 1 51 3 0
51 2 51 1 0
51 2 51 2 0
51 2 51 3 0
51 3 51 1 0
51 3 51 2 0
51 3 51 3 0
52 1 52 1 0
52 1 52 2 0
52 1 52 3 0
52 2 52 1 0
52 2 52 2 0
52 2 52 3 0
52 3 52 1 0
52 3 52 2 0
52 3 52 3 0
53 1 53 1 0
53 1 53 2 0
53 1 53 3 0
53 2 53 1 0
53 2 53 2 0
53 2 53 3 0
53 3 53 1 0
53 3 53 2 0
53 3 53 3 0
54 1 54 1 0
54 1 54 2 0
54 1 54 3 0
54 2 54 1 0
54 2 54 2 0
54 2 54 3 0
54 3 54 1 0
54 3 54 2 0
54 3 54 3 0
55 1 55 1 0
55 1 55 2 0
55 1 55 3 0
55 2 55 1 0
55 2 55 2 0
55 2 55 3 0
55 3 55 1 0
55 3 55 2 0
55 3 55 3 0
56 1 56 1 0
56 1 56 2 0
56 1 56 3 0
56 2 56 1 0
56 2 56 2 0
56 2 56 3 0
56 3 56 1 0
56 3 56 2 0
56 3 56 3 0
57 1 57 1 0
57 1 57 2 0
57 1 57 3 0
57 2 57 1 0
57 2 57 2 0
57 2 57 3 0
57 3 57 1 0
57 3 57 2 0
57 3 57 3 0
58 1 58 1 0
58 1 58 2 0
58 1 58 3 0
58 2 58 1 0
58 2 58 2 0
58 2 58 3 0
58 3 58 1 0
58 3 58 2 0
58 3 58 3 0
59 1 59 1 0
59 1 59 2 0
59 1 59 3 0
59 2 59 1 0
59 2 59 2 0
59 2 59 3 0
59 3 59 1 0
59 3 59 2 0
59 3 59 3 0
60 1 60 1 0
60 1 60 2 0
60 1 60 3 0
60 2 60 1 0
60 2 60 2 0
60 2 60 3 0
60 3 60 1 0
60 3 60 2 0
60 3 60 3 0
61 1 61 1 0
61 1 61 2 0
61 1 61 3 0
61 2 61 1 0
61 2 61 2 0
61 2 61 3 0
61 3 61 1 0
61 3 61 2 0
61 3 61 3 0
62 1 62 1 0
62 1 62 2 0
62 1 62 3 0
62 2 62 1 0
62 2 62 2 0
62 2 62 3 0
62 3 62 1 0
62 3 62 2 0
62 3 62 3 0
63 1 63 1 0
63 1 63 2 0
63 1 63 3 0
63 2 63 1 0
63 2 63 2 0
63 2 63 3 0
63 3 63 1 0
63 3 63 2 0
63 3 63 3 0
64 1 64 1 0
64 1 64 2 0
64 1 64 3 0
64 2 64 1 0
64 2 64 2 0
64 2 64 3 0
64 3 64 1 0
64 3 64 2 0
64 3 64 3 0
