1 62 2.124000 2.124000 2.124000
1 13 0.000000 2.124000 2.124000
1 46 -2.124000 2.124000 2.124000
1 23 2.124000 0.000000 2.124000
1 54 2.124000 -2.124000 2.124000
1 6 0.000000 -2.124000 2.124000
1 7 -2.124000 0.000000 2.124000
1 38 -2.124000 -2.124000 2.124000
1 39 0.000000 0.000000 2.124000
1 28 2.124000 2.124000 0.000000
1 58 2.124000 2.124000 -2.124000
1 10 0.000000 2.124000 -2.124000
1 16 -2.124000 2.124000 0.000000
1 42 -2.124000 2.124000 -2.124000
1 44 0.000000 2.124000 0.000000
1 19 2.124000 0.000000 -2.124000
1 20 2.124000 -2.124000 0.000000
1 49 2.124000 0.000000 0.000000
1 50 2.124000 -2.124000 -2.124000
1 2 0.000000 -2.124000 -2.124000
1 3 -2.124000 0.000000 -2.124000
1 4 -2.124000 -2.124000 0.000000
1 33 -2.124000 0.000000 0.000000
1 34 -2.124000 -2.124000 -2.124000
1 35 0.000000 0.000000 -2.124000
1 36 0.000000 -2.124000 0.000000
2 19 2.124000 2.124000 0.000000
2 20 2.124000 0.000000 2.124000
2 49 2.124000 2.124000 2.124000
2 50 2.124000 0.000000 0.000000
2 1 0.000000 2.124000 2.124000
2 3 -2.124000 2.124000 0.000000
2 4 -2.124000 0.000000 2.124000
2 33 -2.124000 2.124000 2.124000
2 34 -2.124000 0.000000 0.000000
2 35 0.000000 2.124000 0.000000
2 36 0.000000 0.000000 2.124000
2 27 2.124000 -2.124000 0.000000
2 57 2.124000 -2.124000 2.124000
2 9 0.000000 -2.124000 2.124000
2 11 -2.124000 -2.124000 0.000000
2 41 -2.124000 -2.124000 2.124000
2 43 0.000000 -2.124000 0.000000
2 24 2.124000 0.000000 -2.124000
2 53 2.124000 2.124000 -2.124000
2 5 0.000000 2.124000 -2.124000
2 8 -2.124000 0.000000 -2.124000
2 37 -2.124000 2.124000 -2.124000
2 40 0.000000 0.000000 -2.124000
2 61 2.124000 -2.124000 -2.124000
2 12 0.000000 -2.124000 -2.124000
2 45 -2.124000 -2.124000 -2.124000
3 10 2.124000 2.124000 0.000000
3 16 0.000000 2.124000 2.124000
3 42 0.000000 2.124000 0.000000
3 44 2.124000 2.124000 2.124000
3 26 -2.124000 2.124000 0.000000
3 60 -2.124000 2.124000 2.124000
3 1 2.124000 0.000000 2.124000
3 2 2.124000 -2.124000 0.000000
3 4 0.000000 -2.124000 2.124000
3 33 0.000000 0.000000 2.124000
3 34 0.000000 -2.124000 0.000000
3 35 2.124000 0.000000 0.000000
3 36 2.124000 -2.124000 2.124000
3 17 -2.124000 0.000000 2.124000
3 18 -2.124000 -2.124000 0.000000
3 51 -2.124000 0.000000 0.000000
3 52 -2.124000 -2.124000 2.124000
3 15 0.000000 2.124000 -2.124000
3 48 2.124000 2.124000 -2.124000
3 64 -2.124000 2.124000 -2.124000
3 5 2.124000 0.000000 -2.124000
3 8 0.000000 -2.124000 -2.124000
3 37 0.000000 0.000000 -2.124000
3 40 2.124000 -2.124000 -2.124000
3 21 -2.124000 0.000000 -2.124000
3 56 -2.124000 -2.124000 -2.124000
4 6 2.124000 0.000000 2.124000
4 7 0.000000 2.124000 2.124000
4 38 0.000000 0.000000 2.124000
4 39 2.124000 2.124000 2.124000
4 22 -2.124000 0.000000 2.124000
4 55 -2.124000 2.124000 2.124000
4 14 0.000000 -2.124000 2.124000
4 47 2.124000 -2.124000 2.124000
4 63 -2.124000 -2.124000 2.124000
4 1 2.124000 2.124000 0.000000
4 2 2.124000 0.000000 -2.124000
4 3 0.000000 2.124000 -2.124000
4 33 0.000000 2.124000 0.000000
4 34 0.000000 0.000000 -2.124000
4 35 2.124000 2.124000 -2.124000
4 36 2.124000 0.000000 0.000000
4 17 -2.124000 2.124000 0.000000
4 18 -2.124000 0.000000 -2.124000
4 51 -2.124000 2.124000 -2.124000
4 52 -2.124000 0.000000 0.000000
4 9 2.124000 -2.124000 0.000000
4 11 0.000000 -2.124000 -2.124000
4 41 0.000000 -2.124000 0.000000
4 43 2.124000 -2.124000 -2.124000
4 25 -2.124000 -2.124000 0.000000
4 59 -2.124000 -2.124000 -2.124000
5 58 2.124000 2.124000 2.124000
5 10 0.000000 2.124000 2.124000
5 42 -2.124000 2.124000 2.124000
5 19 2.124000 0.000000 2.124000
5 50 2.124000 -2.124000 2.124000
5 2 0.000000 -2.124000 2.124000
5 3 -2.124000 0.000000 2.124000
5 34 -2.124000 -2.124000 2.124000
5 35 0.000000 0.000000 2.124000
5 32 2.124000 2.124000 0.000000
5 62 2.124000 2.124000 -2.124000
5 13 0.000000 2.124000 -2.124000
5 15 -2.124000 2.124000 0.000000
5 46 -2.124000 2.124000 -2.124000
5 48 0.000000 2.124000 0.000000
5 23 2.124000 0.000000 -2.124000
5 24 2.124000 -2.124000 0.000000
5 53 2.124000 0.000000 0.000000
5 54 2.124000 -2.124000 -2.124000
5 6 0.000000 -2.124000 -2.124000
5 7 -2.124000 0.000000 -2.124000
5 8 -2.124000 -2.124000 0.000000
5 37 -2.124000 0.000000 0.000000
5 38 -2.124000 -2.124000 -2.124000
5 39 0.000000 0.000000 -2.124000
5 40 0.000000 -2.124000 0.000000
6 23 2.124000 2.124000 0.000000
6 24 2.124000 0.000000 2.124000
6 53 2.124000 2.124000 2.124000
6 54 2.124000 0.000000 0.000000
6 5 0.000000 2.124000 2.124000
6 7 -2.124000 2.124000 0.000000
6 8 -2.124000 0.000000 2.124000
6 37 -2.124000 2.124000 2.124000
6 38 -2.124000 0.000000 0.000000
6 39 0.000000 2.124000 0.000000
6 40 0.000000 0.000000 2.124000
6 31 2.124000 -2.124000 0.000000
6 61 2.124000 -2.124000 2.124000
6 12 0.000000 -2.124000 2.124000
6 14 -2.124000 -2.124000 0.000000
6 45 -2.124000 -2.124000 2.124000
6 47 0.000000 -2.124000 0.000000
6 20 2.124000 0.000000 -2.124000
6 49 2.124000 2.124000 -2.124000
6 1 0.000000 2.124000 -2.124000
6 4 -2.124000 0.000000 -2.124000
6 33 -2.124000 2.124000 -2.124000
6 36 0.000000 0.000000 -2.124000
6 57 2.124000 -2.124000 -2.124000
6 9 0.000000 -2.124000 -2.124000
6 41 -2.124000 -2.124000 -2.124000
7 13 2.124000 2.124000 0.000000
7 15 0.000000 2.124000 2.124000
7 46 0.000000 2.124000 0.000000
7 48 2.124000 2.124000 2.124000
7 30 -2.124000 2.124000 0.000000
7 64 -2.124000 2.124000 2.124000
7 5 2.124000 0.000000 2.124000
7 6 2.124000 -2.124000 0.000000
7 8 0.000000 -2.124000 2.124000
7 37 0.000000 0.000000 2.124000
7 38 0.000000 -2.124000 0.000000
7 39 2.124000 0.000000 0.000000
7 40 2.124000 -2.124000 2.124000
7 21 -2.124000 0.000000 2.124000
7 22 -2.124000 -2.124000 0.000000
7 55 -2.124000 0.000000 0.000000
7 56 -2.124000 -2.124000 2.124000
7 16 0.000000 2.124000 -2.124000
7 44 2.124000 2.124000 -2.124000
7 60 -2.124000 2.124000 -2.124000
7 1 2.124000 0.000000 -2.124000
7 4 0.000000 -2.124000 -2.124000
7 33 0.000000 0.000000 -2.124000
7 36 2.124000 -2.124000 -2.124000
7 17 -2.124000 0.000000 -2.124000
7 52 -2.124000 -2.124000 -2.124000
8 2 2.124000 0.000000 2.124000
8 3 0.000000 2.124000 2.124000
8 34 0.000000 0.000000 2.124000
8 35 2.124000 2.124000 2.124000
8 18 -2.124000 0.000000 2.124000
8 51 -2.124000 2.124000 2.124000
8 11 0.000000 -2.124000 2.124000
8 43 2.124000 -2.124000 2.124000
8 59 -2.124000 -2.124000 2.124000
8 5 2.124000 2.124000 0.000000
8 6 2.124000 0.000000 -2.124000
8 7 0.000000 2.124000 -2.124000
8 37 0.000000 2.124000 0.000000
8 38 0.000000 0.000000 -2.124000
8 39 2.124000 2.124000 -2.124000
8 40 2.124000 0.000000 0.000000
8 21 -2.124000 2.124000 0.000000
8 22 -2.124000 0.000000 -2.124000
8 55 -2.124000 2.124000 -2.124000
8 56 -2.124000 0.000000 0.000000
8 12 2.124000 -2.124000 0.000000
8 14 0.000000 -2.124000 -2.124000
8 45 0.000000 -2.124000 0.000000
8 47 2.124000 -2.124000 -2.124000
8 29 -2.124000 -2.124000 0.000000
8 63 -2.124000 -2.124000 -2.124000
9 54 2.124000 2.124000 2.124000
9 6 0.000000 2.124000 2.124000
9 38 -2.124000 2.124000 2.124000
9 31 2.124000 0.000000 2.124000
9 62 2.124000 -2.124000 2.124000
9 13 0.000000 -2.124000 2.124000
9 14 -2.124000 0.000000 2.124000
9 46 -2.124000 -2.124000 2.124000
9 47 0.000000 0.000000 2.124000
9 20 2.124000 2.124000 0.000000
9 50 2.124000 2.124000 -2.124000
9 2 0.000000 2.124000 -2.124000
9 4 -2.124000 2.124000 0.000000
9 34 -2.124000 2.124000 -2.124000
9 36 0.000000 2.124000 0.000000
9 27 2.124000 0.000000 -2.124000
9 28 2.124000 -2.124000 0.000000
9 57 2.124000 0.000000 0.000000
9 58 2.124000 -2.124000 -2.124000
9 10 0.000000 -2.124000 -2.124000
9 11 -2.124000 0.000000 -2.124000
9 16 -2.124000 -2.124000 0.000000
9 41 -2.124000 0.000000 0.000000
9 42 -2.124000 -2.124000 -2.124000
9 43 0.000000 0.000000 -2.124000
9 44 0.000000 -2.124000 0.000000
10 27 2.124000 2.124000 0.000000
10 28 2.124000 0.000000 2.124000
10 57 2.124000 2.124000 2.124000
10 58 2.124000 0.000000 0.000000
10 9 0.000000 2.124000 2.124000
10 11 -2.124000 2.124000 0.000000
10 16 -2.124000 0.000000 2.124000
10 41 -2.124000 2.124000 2.124000
10 42 -2.124000 0.000000 0.000000
10 43 0.000000 2.124000 0.000000
10 44 0.000000 0.000000 2.124000
10 19 2.124000 -2.124000 0.000000
10 49 2.124000 -2.124000 2.124000
10 1 0.000000 -2.124000 2.124000
10 3 -2.124000 -2.124000 0.000000
10 33 -2.124000 -2.124000 2.124000
10 35 0.000000 -2.124000 0.000000
10 32 2.124000 0.000000 -2.124000
10 61 2.124000 2.124000 -2.124000
10 12 0.000000 2.124000 -2.124000
10 15 -2.124000 0.000000 -2.124000
10 45 -2.124000 2.124000 -2.124000
10 48 0.000000 0.000000 -2.124000
10 53 2.124000 -2.124000 -2.124000
10 5 0.000000 -2.124000 -2.124000
10 37 -2.124000 -2.124000 -2.124000
11 2 2.124000 2.124000 0.000000
11 4 0.000000 2.124000 2.124000
11 34 0.000000 2.124000 0.000000
11 36 2.124000 2.124000 2.124000
11 18 -2.124000 2.124000 0.000000
11 52 -2.124000 2.124000 2.124000
11 9 2.124000 0.000000 2.124000
11 10 2.124000 -2.124000 0.000000
11 16 0.000000 -2.124000 2.124000
11 41 0.000000 0.000000 2.124000
11 42 0.000000 -2.124000 0.000000
11 43 2.124000 0.000000 0.000000
11 44 2.124000 -2.124000 2.124000
11 25 -2.124000 0.000000 2.124000
11 26 -2.124000 -2.124000 0.000000
11 59 -2.124000 0.000000 0.000000
11 60 -2.124000 -2.124000 2.124000
11 8 0.000000 2.124000 -2.124000
11 40 2.124000 2.124000 -2.124000
11 56 -2.124000 2.124000 -2.124000
11 12 2.124000 0.000000 -2.124000
11 15 0.000000 -2.124000 -2.124000
11 45 0.000000 0.000000 -2.124000
11 48 2.124000 -2.124000 -2.124000
11 29 -2.124000 0.000000 -2.124000
11 64 -2.124000 -2.124000 -2.124000
12 50 2.124000 2.124000 2.124000
12 2 0.000000 2.124000 2.124000
12 34 -2.124000 2.124000 2.124000
12 27 2.124000 0.000000 2.124000
12 58 2.124000 -2.124000 2.124000
12 10 0.000000 -2.124000 2.124000
12 11 -2.124000 0.000000 2.124000
12 42 -2.124000 -2.124000 2.124000
12 43 0.000000 0.000000 2.124000
12 24 2.124000 2.124000 0.000000
12 54 2.124000 2.124000 -2.124000
12 6 0.000000 2.124000 -2.124000
12 8 -2.124000 2.124000 0.000000
12 38 -2.124000 2.124000 -2.124000
12 40 0.000000 2.124000 0.000000
12 31 2.124000 0.000000 -2.124000
12 32 2.124000 -2.124000 0.000000
12 61 2.124000 0.000000 0.000000
12 62 2.124000 -2.124000 -2.124000
12 13 0.000000 -2.124000 -2.124000
12 14 -2.124000 0.000000 -2.124000
12 15 -2.124000 -2.124000 0.000000
12 45 -2.124000 0.000000 0.000000
12 46 -2.124000 -2.124000 -2.124000
12 47 0.000000 0.000000 -2.124000
12 48 0.000000 -2.124000 0.000000
13 31 2.124000 2.124000 0.000000
13 32 2.124000 0.000000 2.124000
13 61 2.124000 2.124000 2.124000
13 62 2.124000 0.000000 0.000000
13 12 0.000000 2.124000 2.124000
13 14 -2.124000 2.124000 0.000000
13 15 -2.124000 0.000000 2.124000
13 45 -2.124000 2.124000 2.124000
13 46 -2.124000 0.000000 0.000000
13 47 0.000000 2.124000 0.000000
13 48 0.000000 0.000000 2.124000
13 23 2.124000 -2.124000 0.000000
13 53 2.124000 -2.124000 2.124000
13 5 0.000000 -2.124000 2.124000
13 7 -2.124000 -2.124000 0.000000
13 37 -2.124000 -2.124000 2.124000
13 39 0.000000 -2.124000 0.000000
13 28 2.124000 0.000000 -2.124000
13 57 2.124000 2.124000 -2.124000
13 9 0.000000 2.124000 -2.124000
13 16 -2.124000 0.000000 -2.124000
13 41 -2.124000 2.124000 -2.124000
13 44 0.000000 0.000000 -2.124000
13 49 2.124000 -2.124000 -2.124000
13 1 0.000000 -2.124000 -2.124000
13 33 -2.124000 -2.124000 -2.124000
14 6 2.124000 2.124000 0.000000
14 8 0.000000 2.124000 2.124000
14 38 0.000000 2.124000 0.000000
14 40 2.124000 2.124000 2.124000
14 22 -2.124000 2.124000 0.000000
14 56 -2.124000 2.124000 2.124000
14 12 2.124000 0.000000 2.124000
14 13 2.124000 -2.124000 0.000000
14 15 0.000000 -2.124000 2.124000
14 45 0.000000 0.000000 2.124000
14 46 0.000000 -2.124000 0.000000
14 47 2.124000 0.000000 0.000000
14 48 2.124000 -2.124000 2.124000
14 29 -2.124000 0.000000 2.124000
14 30 -2.124000 -2.124000 0.000000
14 63 -2.124000 0.000000 0.000000
14 64 -2.124000 -2.124000 2.124000
14 4 0.000000 2.124000 -2.124000
14 36 2.124000 2.124000 -2.124000
14 52 -2.124000 2.124000 -2.124000
14 9 2.124000 0.000000 -2.124000
14 16 0.000000 -2.124000 -2.124000
14 41 0.000000 0.000000 -2.124000
14 44 2.124000 -2.124000 -2.124000
14 25 -2.124000 0.000000 -2.124000
14 60 -2.124000 -2.124000 -2.124000
15 10 2.124000 0.000000 2.124000
15 11 0.000000 2.124000 2.124000
15 42 0.000000 0.000000 2.124000
15 43 2.124000 2.124000 2.124000
15 26 -2.124000 0.000000 2.124000
15 59 -2.124000 2.124000 2.124000
15 3 0.000000 -2.124000 2.124000
15 35 2.124000 -2.124000 2.124000
15 51 -2.124000 -2.124000 2.124000
15 12 2.124000 2.124000 0.000000
15 13 2.124000 0.000000 -2.124000
15 14 0.000000 2.124000 -2.124000
15 45 0.000000 2.124000 0.000000
15 46 0.000000 0.000000 -2.124000
15 47 2.124000 2.124000 -2.124000
15 48 2.124000 0.000000 0.000000
15 29 -2.124000 2.124000 0.000000
15 30 -2.124000 0.000000 -2.124000
15 63 -2.124000 2.124000 -2.124000
15 64 -2.124000 0.000000 0.000000
15 5 2.124000 -2.124000 0.000000
15 7 0.000000 -2.124000 -2.124000
15 37 0.000000 -2.124000 0.000000
15 39 2.124000 -2.124000 -2.124000
15 21 -2.124000 -2.124000 0.000000
15 55 -2.124000 -2.124000 -2.124000
16 13 2.124000 0.000000 2.124000
16 14 0.000000 2.124000 2.124000
16 46 0.000000 0.000000 2.124000
16 47 2.124000 2.124000 2.124000
16 30 -2.124000 0.000000 2.124000
16 63 -2.124000 2.124000 2.124000
16 7 0.000000 -2.124000 2.124000
16 39 2.124000 -2.124000 2.124000
16 55 -2.124000 -2.124000 2.124000
16 9 2.124000 2.124000 0.000000
16 10 2.124000 0.000000 -2.124000
16 11 0.000000 2.124000 -2.124000
16 41 0.000000 2.124000 0.000000
16 42 0.000000 0.000000 -2.124000
16 43 2.124000 2.124000 -2.124000
16 44 2.124000 0.000000 0.000000
16 25 -2.124000 2.124000 0.000000
16 26 -2.124000 0.000000 -2.124000
16 59 -2.124000 2.124000 -2.124000
16 60 -2.124000 0.000000 0.000000
16 1 2.124000 -2.124000 0.000000
16 3 0.000000 -2.124000 -2.124000
16 33 0.000000 -2.124000 0.000000
16 35 2.124000 -2.124000 -2.124000
16 17 -2.124000 -2.124000 0.000000
16 51 -2.124000 -2.124000 -2.124000
17 46 2.124000 2.124000 2.124000
17 30 0.000000 2.124000 2.124000
17 62 -2.124000 2.124000 2.124000
17 7 2.124000 0.000000 2.124000
17 38 2.124000 -2.124000 2.124000
17 22 0.000000 -2.124000 2.124000
17 23 -2.124000 0.000000 2.124000
17 54 -2.124000 -2.124000 2.124000
17 55 0.000000 0.000000 2.124000
17 16 2.124000 2.124000 0.000000
17 42 2.124000 2.124000 -2.124000
17 26 0.000000 2.124000 -2.124000
17 28 -2.124000 2.124000 0.000000
17 58 -2.124000 2.124000 -2.124000
17 60 0.000000 2.124000 0.000000
17 3 2.124000 0.000000 -2.124000
17 4 2.124000 -2.124000 0.000000
17 33 2.124000 0.000000 0.000000
17 34 2.124000 -2.124000 -2.124000
17 18 0.000000 -2.124000 -2.124000
17 19 -2.124000 0.000000 -2.124000
17 20 -2.124000 -2.124000 0.000000
17 49 -2.124000 0.000000 0.000000
17 50 -2.124000 -2.124000 -2.124000
17 51 0.000000 0.000000 -2.124000
17 52 0.000000 -2.124000 0.000000
18 3 2.124000 2.124000 0.000000
18 4 2.124000 0.000000 2.124000
18 33 2.124000 2.124000 2.124000
18 34 2.124000 0.000000 0.000000
18 17 0.000000 2.124000 2.124000
18 19 -2.124000 2.124000 0.000000
18 20 -2.124000 0.000000 2.124000
18 49 -2.124000 2.124000 2.124000
18 50 -2.124000 0.000000 0.000000
18 51 0.000000 2.124000 0.000000
18 52 0.000000 0.000000 2.124000
18 11 2.124000 -2.124000 0.000000
18 41 2.124000 -2.124000 2.124000
18 25 0.000000 -2.124000 2.124000
18 27 -2.124000 -2.124000 0.000000
18 57 -2.124000 -2.124000 2.124000
18 59 0.000000 -2.124000 0.000000
18 8 2.124000 0.000000 -2.124000
18 37 2.124000 2.124000 -2.124000
18 21 0.000000 2.124000 -2.124000
18 24 -2.124000 0.000000 -2.124000
18 53 -2.124000 2.124000 -2.124000
18 56 0.000000 0.000000 -2.124000
18 45 2.124000 -2.124000 -2.124000
18 29 0.000000 -2.124000 -2.124000
18 61 -2.124000 -2.124000 -2.124000
19 26 2.124000 2.124000 0.000000
19 28 0.000000 2.124000 2.124000
19 58 0.000000 2.124000 0.000000
19 60 2.124000 2.124000 2.124000
19 10 -2.124000 2.124000 0.000000
19 44 -2.124000 2.124000 2.124000
19 17 2.124000 0.000000 2.124000
19 18 2.124000 -2.124000 0.000000
19 20 0.000000 -2.124000 2.124000
19 49 0.000000 0.000000 2.124000
19 50 0.000000 -2.124000 0.000000
19 51 2.124000 0.000000 0.000000
19 52 2.124000 -2.124000 2.124000
19 1 -2.124000 0.000000 2.124000
19 2 -2.124000 -2.124000 0.000000
19 35 -2.124000 0.000000 0.000000
19 36 -2.124000 -2.124000 2.124000
19 32 0.000000 2.124000 -2.124000
19 64 2.124000 2.124000 -2.124000
19 48 -2.124000 2.124000 -2.124000
19 21 2.124000 0.000000 -2.124000
19 24 0.000000 -2.124000 -2.124000
19 53 0.000000 0.000000 -2.124000
19 56 2.124000 -2.124000 -2.124000
19 5 -2.124000 0.000000 -2.124000
19 40 -2.124000 -2.124000 -2.124000
20 22 2.124000 0.000000 2.124000
20 23 0.000000 2.124000 2.124000
20 54 0.000000 0.000000 2.124000
20 55 2.124000 2.124000 2.124000
20 6 -2.124000 0.000000 2.124000
20 39 -2.124000 2.124000 2.124000
20 31 0.000000 -2.124000 2.124000
20 63 2.124000 -2.124000 2.124000
20 47 -2.124000 -2.124000 2.124000
20 17 2.124000 2.124000 0.000000
20 18 2.124000 0.000000 -2.124000
20 19 0.000000 2.124000 -2.124000
20 49 0.000000 2.124000 0.000000
20 50 0.000000 0.000000 -2.124000
20 51 2.124000 2.124000 -2.124000
20 52 2.124000 0.000000 0.000000
20 1 -2.124000 2.124000 0.000000
20 2 -2.124000 0.000000 -2.124000
20 35 -2.124000 2.124000 -2.124000
20 36 -2.124000 0.000000 0.000000
20 25 2.124000 -2.124000 0.000000
20 27 0.000000 -2.124000 -2.124000
20 57 0.000000 -2.124000 0.000000
20 59 2.124000 -2.124000 -2.124000
20 9 -2.124000 -2.124000 0.000000
20 43 -2.124000 -2.124000 -2.124000
21 42 2.124000 2.124000 2.124000
21 26 0.000000 2.124000 2.124000
21 58 -2.124000 2.124000 2.124000
21 3 2.124000 0.000000 2.124000
21 34 2.124000 -2.124000 2.124000
21 18 0.000000 -2.124000 2.124000
21 19 -2.124000 0.000000 2.124000
21 50 -2.124000 -2.124000 2.124000
21 51 0.000000 0.000000 2.124000
21 15 2.124000 2.124000 0.000000
21 46 2.124000 2.124000 -2.124000
21 30 0.000000 2.124000 -2.124000
21 32 -2.124000 2.124000 0.000000
21 62 -2.124000 2.124000 -2.124000
21 64 0.000000 2.124000 0.000000
21 7 2.124000 0.000000 -2.124000
21 8 2.124000 -2.124000 0.000000
21 37 2.124000 0.000000 0.000000
21 38 2.124000 -2.124000 -2.124000
21 22 0.000000 -2.124000 -2.124000
21 23 -2.124000 0.000000 -2.124000
21 24 -2.124000 -2.124000 0.000000
21 53 -2.124000 0.000000 0.000000
21 54 -2.124000 -2.124000 -2.124000
21 55 0.000000 0.000000 -2.124000
21 56 0.000000 -2.124000 0.000000
22 7 2.124000 2.124000 0.000000
22 8 2.124000 0.000000 2.124000
22 37 2.124000 2.124000 2.124000
22 38 2.124000 0.000000 0.000000
22 21 0.000000 2.124000 2.124000
22 23 -2.124000 2.124000 0.000000
22 24 -2.124000 0.000000 2.124000
22 53 -2.124000 2.124000 2.124000
22 54 -2.124000 0.000000 0.000000
22 55 0.000000 2.124000 0.000000
22 56 0.000000 0.000000 2.124000
22 14 2.124000 -2.124000 0.000000
22 45 2.124000 -2.124000 2.124000
22 29 0.000000 -2.124000 2.124000
22 31 -2.124000 -2.124000 0.000000
22 61 -2.124000 -2.124000 2.124000
22 63 0.000000 -2.124000 0.000000
22 4 2.124000 0.000000 -2.124000
22 33 2.124000 2.124000 -2.124000
22 17 0.000000 2.124000 -2.124000
22 20 -2.124000 0.000000 -2.124000
22 49 -2.124000 2.124000 -2.124000
22 52 0.000000 0.000000 -2.124000
22 41 2.124000 -2.124000 -2.124000
22 25 0.000000 -2.124000 -2.124000
22 57 -2.124000 -2.124000 -2.124000
23 30 2.124000 2.124000 0.000000
23 32 0.000000 2.124000 2.124000
23 62 0.000000 2.124000 0.000000
23 64 2.124000 2.124000 2.124000
23 13 -2.124000 2.124000 0.000000
23 48 -2.124000 2.124000 2.124000
23 21 2.124000 0.000000 2.124000
23 22 2.124000 -2.124000 0.000000
23 24 0.000000 -2.124000 2.124000
23 53 0.000000 0.000000 2.124000
23 54 0.000000 -2.124000 0.000000
23 55 2.124000 0.000000 0.000000
23 56 2.124000 -2.124000 2.124000
23 5 -2.124000 0.000000 2.124000
23 6 -2.124000 -2.124000 0.000000
23 39 -2.124000 0.000000 0.000000
23 40 -2.124000 -2.124000 2.124000
23 28 0.000000 2.124000 -2.124000
23 60 2.124000 2.124000 -2.124000
23 44 -2.124000 2.124000 -2.124000
23 17 2.124000 0.000000 -2.124000
23 20 0.000000 -2.124000 -2.124000
23 49 0.000000 0.000000 -2.124000
23 52 2.124000 -2.124000 -2.124000
23 1 -2.124000 0.000000 -2.124000
23 36 -2.124000 -2.124000 -2.124000
24 18 2.124000 0.000000 2.124000
24 19 0.000000 2.124000 2.124000
24 50 0.000000 0.000000 2.124000
24 51 2.124000 2.124000 2.124000
24 2 -2.124000 0.000000 2.124000
24 35 -2.124000 2.124000 2.124000
24 27 0.000000 -2.124000 2.124000
24 59 2.124000 -2.124000 2.124000
24 43 -2.124000 -2.124000 2.124000
24 21 2.124000 2.124000 0.000000
24 22 2.124000 0.000000 -2.124000
24 23 0.000000 2.124000 -2.124000
24 53 0.000000 2.124000 0.000000
24 54 0.000000 0.000000 -2.124000
24 55 2.124000 2.124000 -2.124000
24 56 2.124000 0.000000 0.000000
24 5 -2.124000 2.124000 0.000000
24 6 -2.124000 0.000000 -2.124000
24 39 -2.124000 2.124000 -2.124000
24 40 -2.124000 0.000000 0.000000
24 29 2.124000 -2.124000 0.000000
24 31 0.000000 -2.124000 -2.124000
24 61 0.000000 -2.124000 0.000000
24 63 2.124000 -2.124000 -2.124000
24 12 -2.124000 -2.124000 0.000000
24 47 -2.124000 -2.124000 -2.124000
25 38 2.124000 2.124000 2.124000
25 22 0.000000 2.124000 2.124000
25 54 -2.124000 2.124000 2.124000
25 14 2.124000 0.000000 2.124000
25 46 2.124000 -2.124000 2.124000
25 30 0.000000 -2.124000 2.124000
25 31 -2.124000 0.000000 2.124000
25 62 -2.124000 -2.124000 2.124000
25 63 0.000000 0.000000 2.124000
25 4 2.124000 2.124000 0.000000
25 34 2.124000 2.124000 -2.124000
25 18 0.000000 2.124000 -2.124000
25 20 -2.124000 2.124000 0.000000
25 50 -2.124000 2.124000 -2.124000
25 52 0.000000 2.124000 0.000000
25 11 2.124000 0.000000 -2.124000
25 16 2.124000 -2.124000 0.000000
25 41 2.124000 0.000000 0.000000
25 42 2.124000 -2.124000 -2.124000
25 26 0.000000 -2.124000 -2.124000
25 27 -2.124000 0.000000 -2.124000
25 28 -2.124000 -2.124000 0.000000
25 57 -2.124000 0.000000 0.000000
25 58 -2.124000 -2.124000 -2.124000
25 59 0.000000 0.000000 -2.124000
25 60 0.000000 -2.124000 0.000000
26 11 2.124000 2.124000 0.000000
26 16 2.124000 0.000000 2.124000
26 41 2.124000 2.124000 2.124000
26 42 2.124000 0.000000 0.000000
26 25 0.000000 2.124000 2.124000
26 27 -2.124000 2.124000 0.000000
26 28 -2.124000 0.000000 2.124000
26 57 -2.124000 2.124000 2.124000
26 58 -2.124000 0.000000 0.000000
26 59 0.000000 2.124000 0.000000
26 60 0.000000 0.000000 2.124000
26 3 2.124000 -2.124000 0.000000
26 33 2.124000 -2.124000 2.124000
26 17 0.000000 -2.124000 2.124000
26 19 -2.124000 -2.124000 0.000000
26 49 -2.124000 -2.124000 2.124000
26 51 0.000000 -2.124000 0.000000
26 15 2.124000 0.000000 -2.124000
26 45 2.124000 2.124000 -2.124000
26 29 0.000000 2.124000 -2.124000
26 32 -2.124000 0.000000 -2.124000
26 61 -2.124000 2.124000 -2.124000
26 64 0.000000 0.000000 -2.124000
26 37 2.124000 -2.124000 -2.124000
26 21 0.000000 -2.124000 -2.124000
26 53 -2.124000 -2.124000 -2.124000
27 18 2.124000 2.124000 0.000000
27 20 0.000000 2.124000 2.124000
27 50 0.000000 2.124000 0.000000
27 52 2.124000 2.124000 2.124000
27 2 -2.124000 2.124000 0.000000
27 36 -2.124000 2.124000 2.124000
27 25 2.124000 0.000000 2.124000
27 26 2.124000 -2.124000 0.000000
27 28 0.000000 -2.124000 2.124000
27 57 0.000000 0.000000 2.124000
27 58 0.000000 -2.124000 0.000000
27 59 2.124000 0.000000 0.000000
27 60 2.124000 -2.124000 2.124000
27 9 -2.124000 0.000000 2.124000
27 10 -2.124000 -2.124000 0.000000
27 43 -2.124000 0.000000 0.000000
27 44 -2.124000 -2.124000 2.124000
27 24 0.000000 2.124000 -2.124000
27 56 2.124000 2.124000 -2.124000
27 40 -2.124000 2.124000 -2.124000
27 29 2.124000 0.000000 -2.124000
27 32 0.000000 -2.124000 -2.124000
27 61 0.000000 0.000000 -2.124000
27 64 2.124000 -2.124000 -2.124000
27 12 -2.124000 0.000000 -2.124000
27 48 -2.124000 -2.124000 -2.124000
28 30 2.124000 0.000000 2.124000
28 31 0.000000 2.124000 2.124000
28 62 0.000000 0.000000 2.124000
28 63 2.124000 2.124000 2.124000
28 13 -2.124000 0.000000 2.124000
28 47 -2.124000 2.124000 2.124000
28 23 0.000000 -2.124000 2.124000
28 55 2.124000 -2.124000 2.124000
28 39 -2.124000 -2.124000 2.124000
28 25 2.124000 2.124000 0.000000
28 26 2.124000 0.000000 -2.124000
28 27 0.000000 2.124000 -2.124000
28 57 0.000000 2.124000 0.000000
28 58 0.000000 0.000000 -2.124000
28 59 2.124000 2.124000 -2.124000
28 60 2.124000 0.000000 0.000000
28 9 -2.124000 2.124000 0.000000
28 10 -2.124000 0.000000 -2.124000
28 43 -2.124000 2.124000 -2.124000
28 44 -2.124000 0.000000 0.000000
28 17 2.124000 -2.124000 0.000000
28 19 0.000000 -2.124000 -2.124000
28 49 0.000000 -2.124000 0.000000
28 51 2.124000 -2.124000 -2.124000
28 1 -2.124000 -2.124000 0.000000
28 35 -2.124000 -2.124000 -2.124000
29 34 2.124000 2.124000 2.124000
29 18 0.000000 2.124000 2.124000
29 50 -2.124000 2.124000 2.124000
29 11 2.124000 0.000000 2.124000
29 42 2.124000 -2.124000 2.124000
29 26 0.000000 -2.124000 2.124000
29 27 -2.124000 0.000000 2.124000
29 58 -2.124000 -2.124000 2.124000
29 59 0.000000 0.000000 2.124000
29 8 2.124000 2.124000 0.000000
29 38 2.124000 2.124000 -2.124000
29 22 0.000000 2.124000 -2.124000
29 24 -2.124000 2.124000 0.000000
29 54 -2.124000 2.124000 -2.124000
29 56 0.000000 2.124000 0.000000
29 14 2.124000 0.000000 -2.124000
29 15 2.124000 -2.124000 0.000000
29 45 2.124000 0.000000 0.000000
29 46 2.124000 -2.124000 -2.124000
29 30 0.000000 -2.124000 -2.124000
29 31 -2.124000 0.000000 -2.124000
29 32 -2.124000 -2.124000 0.000000
29 61 -2.124000 0.000000 0.000000
29 62 -2.124000 -2.124000 -2.124000
29 63 0.000000 0.000000 -2.124000
29 64 0.000000 -2.124000 0.000000
30 14 2.124000 2.124000 0.000000
30 15 2.124000 0.000000 2.124000
30 45 2.124000 2.124000 2.124000
30 46 2.124000 0.000000 0.000000
30 29 0.000000 2.124000 2.124000
30 31 -2.124000 2.124000 0.000000
30 32 -2.124000 0.000000 2.124000
30 61 -2.124000 2.124000 2.124000
30 62 -2.124000 0.000000 0.000000
30 63 0.000000 2.124000 0.000000
30 64 0.000000 0.000000 2.124000
30 7 2.124000 -2.124000 0.000000
30 37 2.124000 -2.124000 2.124000
30 21 0.000000 -2.124000 2.124000
30 23 -2.124000 -2.124000 0.000000
30 53 -2.124000 -2.124000 2.124000
30 55 0.000000 -2.124000 0.000000
30 16 2.124000 0.000000 -2.124000
30 41 2.124000 2.124000 -2.124000
30 25 0.000000 2.124000 -2.124000
30 28 -2.124000 0.000000 -2.124000
30 57 -2.124000 2.124000 -2.124000
30 60 0.000000 0.000000 -2.124000
30 33 2.124000 -2.124000 -2.124000
30 17 0.000000 -2.124000 -2.124000
30 49 -2.124000 -2.124000 -2.124000
31 22 2.124000 2.124000 0.000000
31 24 0.000000 2.124000 2.124000
31 54 0.000000 2.124000 0.000000
31 56 2.124000 2.124000 2.124000
31 6 -2.124000 2.124000 0.000000
31 40 -2.124000 2.124000 2.124000
31 29 2.124000 0.000000 2.124000
31 30 2.124000 -2.124000 0.000000
31 32 0.000000 -2.124000 2.124000
31 61 0.000000 0.000000 2.124000
31 62 0.000000 -2.124000 0.000000
31 63 2.124000 0.000000 0.000000
31 64 2.124000 -2.124000 2.124000
31 12 -2.124000 0.000000 2.124000
31 13 -2.124000 -2.124000 0.000000
31 47 -2.124000 0.000000 0.000000
31 48 -2.124000 -2.124000 2.124000
31 20 0.000000 2.124000 -2.124000
31 52 2.124000 2.124000 -2.124000
31 36 -2.124000 2.124000 -2.124000
31 25 2.124000 0.000000 -2.124000
31 28 0.000000 -2.124000 -2.124000
31 57 0.000000 0.000000 -2.124000
31 60 2.124000 -2.124000 -2.124000
31 9 -2.124000 0.000000 -2.124000
31 44 -2.124000 -2.124000 -2.124000
32 26 2.124000 0.000000 2.124000
32 27 0.000000 2.124000 2.124000
32 58 0.000000 0.000000 2.124000
32 59 2.124000 2.124000 2.124000
32 10 -2.124000 0.000000 2.124000
32 43 -2.124000 2.124000 2.124000
32 19 0.000000 -2.124000 2.124000
32 51 2.124000 -2.124000 2.124000
32 35 -2.124000 -2.124000 2.124000
32 29 2.124000 2.124000 0.000000
32 30 2.124000 0.000000 -2.124000
32 31 0.000000 2.124000 -2.124000
32 61 0.000000 2.124000 0.000000
32 62 0.000000 0.000000 -2.124000
32 63 2.124000 2.124000 -2.124000
32 64 2.124000 0.000000 0.000000
32 12 -2.124000 2.124000 0.000000
32 13 -2.124000 0.000000 -2.124000
32 47 -2.124000 2.124000 -2.124000
32 48 -2.124000 0.000000 0.000000
32 21 2.124000 -2.124000 0.000000
32 23 0.000000 -2.124000 -2.124000
32 53 0.000000 -2.124000 0.000000
32 55 2.124000 -2.124000 -2.124000
32 5 -2.124000 -2.124000 0.000000
32 39 -2.124000 -2.124000 -2.124000
33 13 2.124000 2.124000 2.124000
33 46 0.000000 2.124000 2.124000
33 30 -2.124000 2.124000 2.124000
33 6 2.124000 -2.124000 2.124000
33 7 0.000000 0.000000 2.124000
33 38 0.000000 -2.124000 2.124000
33 39 2.124000 0.000000 2.124000
33 22 -2.124000 -2.124000 2.124000
33 55 -2.124000 0.000000 2.124000
33 10 2.124000 2.124000 -2.124000
33 16 0.000000 2.124000 0.000000
33 42 0.000000 2.124000 -2.124000
33 44 2.124000 2.124000 0.000000
33 26 -2.124000 2.124000 -2.124000
33 60 -2.124000 2.124000 0.000000
33 1 2.124000 0.000000 0.000000
33 2 2.124000 -2.124000 -2.124000
33 3 0.000000 0.000000 -2.124000
33 4 0.000000 -2.124000 0.000000
33 34 0.000000 -2.124000 -2.124000
33 35 2.124000 0.000000 -2.124000
33 36 2.124000 -2.124000 0.000000
33 17 -2.124000 0.000000 0.000000
33 18 -2.124000 -2.124000 -2.124000
33 51 -2.124000 0.000000 -2.124000
33 52 -2.124000 -2.124000 0.000000
34 1 2.124000 2.124000 2.124000
34 2 2.124000 0.000000 0.000000
34 3 0.000000 2.124000 0.000000
34 4 0.000000 0.000000 2.124000
34 33 0.000000 2.124000 2.124000
34 35 2.124000 2.124000 0.000000
34 36 2.124000 0.000000 2.124000
34 17 -2.124000 2.124000 2.124000
34 18 -2.124000 0.000000 0.000000
34 51 -2.124000 2.124000 0.000000
34 52 -2.124000 0.000000 2.124000
34 9 2.124000 -2.124000 2.124000
34 11 0.000000 -2.124000 0.000000
34 41 0.000000 -2.124000 2.124000
34 43 2.124000 -2.124000 0.000000
34 25 -2.124000 -2.124000 2.124000
34 59 -2.124000 -2.124000 0.000000
34 5 2.124000 2.124000 -2.124000
34 8 0.000000 0.000000 -2.124000
34 37 0.000000 2.124000 -2.124000
34 40 2.124000 0.000000 -2.124000
34 21 -2.124000 2.124000 -2.124000
34 56 -2.124000 0.000000 -2.124000
34 12 2.124000 -2.124000 -2.124000
34 45 0.000000 -2.124000 -2.124000
34 29 -2.124000 -2.124000 -2.124000
35 28 2.124000 2.124000 2.124000
35 58 2.124000 2.124000 0.000000
35 10 0.000000 2.124000 0.000000
35 16 -2.124000 2.124000 2.124000
35 42 -2.124000 2.124000 0.000000
35 44 0.000000 2.124000 2.124000
35 19 2.124000 0.000000 0.000000
35 20 2.124000 -2.124000 2.124000
35 49 2.124000 0.000000 2.124000
35 50 2.124000 -2.124000 0.000000
35 1 0.000000 0.000000 2.124000
35 2 0.000000 -2.124000 0.000000
35 3 -2.124000 0.000000 0.000000
35 4 -2.124000 -2.124000 2.124000
35 33 -2.124000 0.000000 2.124000
35 34 -2.124000 -2.124000 0.000000
35 36 0.000000 -2.124000 2.124000
35 32 2.124000 2.124000 -2.124000
35 15 -2.124000 2.124000 -2.124000
35 48 0.000000 2.124000 -2.124000
35 24 2.124000 -2.124000 -2.124000
35 53 2.124000 0.000000 -2.124000
35 5 0.000000 0.000000 -2.124000
35 8 -2.124000 -2.124000 -2.124000
35 37 -2.124000 0.000000 -2.124000
35 40 0.000000 -2.124000 -2.124000
36 23 2.124000 2.124000 2.124000
36 54 2.124000 0.000000 2.124000
36 6 0.000000 0.000000 2.124000
36 7 -2.124000 2.124000 2.124000
36 38 -2.124000 0.000000 2.124000
36 39 0.000000 2.124000 2.124000
36 31 2.124000 -2.124000 2.124000
36 14 -2.124000 -2.124000 2.124000
36 47 0.000000 -2.124000 2.124000
36 19 2.124000 2.124000 -2.124000
36 20 2.124000 0.000000 0.000000
36 49 2.124000 2.124000 0.000000
36 50 2.124000 0.000000 -2.124000
36 1 0.000000 2.124000 0.000000
36 2 0.000000 0.000000 -2.124000
36 3 -2.124000 2.124000 -2.124000
36 4 -2.124000 0.000000 0.000000
36 33 -2.124000 2.124000 0.000000
36 34 -2.124000 0.000000 -2.124000
36 35 0.000000 2.124000 -2.124000
36 27 2.124000 -2.124000 -2.124000
36 57 2.124000 -2.124000 0.000000
36 9 0.000000 -2.124000 0.000000
36 11 -2.124000 -2.124000 -2.124000
36 41 -2.124000 -2.124000 0.000000
36 43 0.000000 -2.124000 -2.124000
37 10 2.124000 2.124000 2.124000
37 42 0.000000 2.124000 2.124000
37 26 -2.124000 2.124000 2.124000
37 2 2.124000 -2.124000 2.124000
37 3 0.000000 0.000000 2.124000
37 34 0.000000 -2.124000 2.124000
37 35 2.124000 0.000000 2.124000
37 18 -2.124000 -2.124000 2.124000
37 51 -2.124000 0.000000 2.124000
37 13 2.124000 2.124000 -2.124000
37 15 0.000000 2.124000 0.000000
37 46 0.000000 2.124000 -2.124000
37 48 2.124000 2.124000 0.000000
37 30 -2.124000 2.124000 -2.124000
37 64 -2.124000 2.124000 0.000000
37 5 2.124000 0.000000 0.000000
37 6 2.124000 -2.124000 -2.124000
37 7 0.000000 0.000000 -2.124000
37 8 0.000000 -2.124000 0.000000
37 38 0.000000 -2.124000 -2.124000
37 39 2.124000 0.000000 -2.124000
37 40 2.124000 -2.124000 0.000000
37 21 -2.124000 0.000000 0.000000
37 22 -2.124000 -2.124000 -2.124000
37 55 -2.124000 0.000000 -2.124000
37 56 -2.124000 -2.124000 0.000000
38 5 2.124000 2.124000 2.124000
38 6 2.124000 0.000000 0.000000
38 7 0.000000 2.124000 0.000000
38 8 0.000000 0.000000 2.124000
38 37 0.000000 2.124000 2.124000
38 39 2.124000 2.124000 0.000000
38 40 2.124000 0.000000 2.124000
38 21 -2.124000 2.124000 2.124000
38 22 -2.124000 0.000000 0.000000
38 55 -2.124000 2.124000 0.000000
38 56 -2.124000 0.000000 2.124000
38 12 2.124000 -2.124000 2.124000
38 14 0.000000 -2.124000 0.000000
38 45 0.000000 -2.124000 2.124000
38 47 2.124000 -2.124000 0.000000
38 29 -2.124000 -2.124000 2.124000
38 63 -2.124000 -2.124000 0.000000
38 1 2.124000 2.124000 -2.124000
38 4 0.000000 0.000000 -2.124000
38 33 0.000000 2.124000 -2.124000
38 36 2.124000 0.000000 -2.124000
38 17 -2.124000 2.124000 -2.124000
38 52 -2.124000 0.000000 -2.124000
38 9 2.124000 -2.124000 -2.124000
38 41 0.000000 -2.124000 -2.124000
38 25 -2.124000 -2.124000 -2.124000
39 32 2.124000 2.124000 2.124000
39 62 2.124000 2.124000 0.000000
39 13 0.000000 2.124000 0.000000
39 15 -2.124000 2.124000 2.124000
39 46 -2.124000 2.124000 0.000000
39 48 0.000000 2.124000 2.124000
39 23 2.124000 0.000000 0.000000
39 24 2.124000 -2.124000 2.124000
39 53 2.124000 0.000000 2.124000
39 54 2.124000 -2.124000 0.000000
39 5 0.000000 0.000000 2.124000
39 6 0.000000 -2.124000 0.000000
39 7 -2.124000 0.000000 0.000000
39 8 -2.124000 -2.124000 2.124000
39 37 -2.124000 0.000000 2.124000
39 38 -2.124000 -2.124000 0.000000
39 40 0.000000 -2.124000 2.124000
39 28 2.124000 2.124000 -2.124000
39 16 -2.124000 2.124000 -2.124000
39 44 0.000000 2.124000 -2.124000
39 20 2.124000 -2.124000 -2.124000
39 49 2.124000 0.000000 -2.124000
39 1 0.000000 0.000000 -2.124000
39 4 -2.124000 -2.124000 -2.124000
39 33 -2.124000 0.000000 -2.124000
39 36 0.000000 -2.124000 -2.124000
40 19 2.124000 2.124000 2.124000
40 50 2.124000 0.000000 2.124000
40 2 0.000000 0.000000 2.124000
40 3 -2.124000 2.124000 2.124000
40 34 -2.124000 0.000000 2.124000
40 35 0.000000 2.124000 2.124000
40 27 2.124000 -2.124000 2.124000
40 11 -2.124000 -2.124000 2.124000
40 43 0.000000 -2.124000 2.124000
40 23 2.124000 2.124000 -2.124000
40 24 2.124000 0.000000 0.000000
40 53 2.124000 2.124000 0.000000
40 54 2.124000 0.000000 -2.124000
40 5 0.000000 2.124000 0.000000
40 6 0.000000 0.000000 -2.124000
40 7 -2.124000 2.124000 -2.124000
40 8 -2.124000 0.000000 0.000000
40 37 -2.124000 2.124000 0.000000
40 38 -2.124000 0.000000 -2.124000
40 39 0.000000 2.124000 -2.124000
40 31 2.124000 -2.124000 -2.124000
40 61 2.124000 -2.124000 0.000000
40 12 0.000000 -2.124000 0.000000
40 14 -2.124000 -2.124000 -2.124000
40 45 -2.124000 -2.124000 0.000000
40 47 0.000000 -2.124000 -2.124000
41 6 2.124000 2.124000 2.124000
41 38 0.000000 2.124000 2.124000
41 22 -2.124000 2.124000 2.124000
41 13 2.124000 -2.124000 2.124000
41 14 0.000000 0.000000 2.124000
41 46 0.000000 -2.124000 2.124000
41 47 2.124000 0.000000 2.124000
41 30 -2.124000 -2.124000 2.124000
41 63 -2.124000 0.000000 2.124000
41 2 2.124000 2.124000 -2.124000
41 4 0.000000 2.124000 0.000000
41 34 0.000000 2.124000 -2.124000
41 36 2.124000 2.124000 0.000000
41 18 -2.124000 2.124000 -2.124000
41 52 -2.124000 2.124000 0.000000
41 9 2.124000 0.000000 0.000000
41 10 2.124000 -2.124000 -2.124000
41 11 0.000000 0.000000 -2.124000
41 16 0.000000 -2.124000 0.000000
41 42 0.000000 -2.124000 -2.124000
41 43 2.124000 0.000000 -2.124000
41 44 2.124000 -2.124000 0.000000
41 25 -2.124000 0.000000 0.000000
41 26 -2.124000 -2.124000 -2.124000
41 59 -2.124000 0.000000 -2.124000
41 60 -2.124000 -2.124000 0.000000
42 9 2.124000 2.124000 2.124000
42 10 2.124000 0.000000 0.000000
42 11 0.000000 2.124000 0.000000
42 16 0.000000 0.000000 2.124000
42 41 0.000000 2.124000 2.124000
42 43 2.124000 2.124000 0.000000
42 44 2.124000 0.000000 2.124000
42 25 -2.124000 2.124000 2.124000
42 26 -2.124000 0.000000 0.000000
42 59 -2.124000 2.124000 0.000000
42 60 -2.124000 0.000000 2.124000
42 1 2.124000 -2.124000 2.124000
42 3 0.000000 -2.124000 0.000000
42 33 0.000000 -2.124000 2.124000
42 35 2.124000 -2.124000 0.000000
42 17 -2.124000 -2.124000 2.124000
42 51 -2.124000 -2.124000 0.000000
42 12 2.124000 2.124000 -2.124000
42 15 0.000000 0.000000 -2.124000
42 45 0.000000 2.124000 -2.124000
42 48 2.124000 0.000000 -2.124000
42 29 -2.124000 2.124000 -2.124000
42 64 -2.124000 0.000000 -2.124000
42 5 2.124000 -2.124000 -2.124000
42 37 0.000000 -2.124000 -2.124000
42 21 -2.124000 -2.124000 -2.124000
43 20 2.124000 2.124000 2.124000
43 50 2.124000 2.124000 0.000000
43 2 0.000000 2.124000 0.000000
43 4 -2.124000 2.124000 2.124000
43 34 -2.124000 2.124000 0.000000
43 36 0.000000 2.124000 2.124000
43 27 2.124000 0.000000 0.000000
43 28 2.124000 -2.124000 2.124000
43 57 2.124000 0.000000 2.124000
43 58 2.124000 -2.124000 0.000000
43 9 0.000000 0.000000 2.124000
43 10 0.000000 -2.124000 0.000000
43 11 -2.124000 0.000000 0.000000
43 16 -2.124000 -2.124000 2.124000
43 41 -2.124000 0.000000 2.124000
43 42 -2.124000 -2.124000 0.000000
43 44 0.000000 -2.124000 2.124000
43 24 2.124000 2.124000 -2.124000
43 8 -2.124000 2.124000 -2.124000
43 40 0.000000 2.124000 -2.124000
43 32 2.124000 -2.124000 -2.124000
43 61 2.124000 0.000000 -2.124000
43 12 0.000000 0.000000 -2.124000
43 15 -2.124000 -2.124000 -2.124000
43 45 -2.124000 0.000000 -2.124000
43 48 0.000000 -2.124000 -2.124000
44 31 2.124000 2.124000 2.124000
44 62 2.124000 0.000000 2.124000
44 13 0.000000 0.000000 2.124000
44 14 -2.124000 2.124000 2.124000
44 46 -2.124000 0.000000 2.124000
44 47 0.000000 2.124000 2.124000
44 23 2.124000 -2.124000 2.124000
44 7 -2.124000 -2.124000 2.124000
44 39 0.000000 -2.124000 2.124000
44 27 2.124000 2.124000 -2.124000
44 28 2.124000 0.000000 0.000000
44 57 2.124000 2.124000 0.000000
44 58 2.124000 0.000000 -2.124000
44 9 0.000000 2.124000 0.000000
44 10 0.000000 0.000000 -2.124000
44 11 -2.124000 2.124000 -2.124000
44 16 -2.124000 0.000000 0.000000
44 41 -2.124000 2.124000 0.000000
44 42 -2.124000 0.000000 -2.124000
44 43 0.000000 2.124000 -2.124000
44 19 2.124000 -2.124000 -2.124000
44 49 2.124000 -2.124000 0.000000
44 1 0.000000 -2.124000 0.000000
44 3 -2.124000 -2.124000 -2.124000
44 33 -2.124000 -2.124000 0.000000
44 35 0.000000 -2.124000 -2.124000
45 2 2.124000 2.124000 2.124000
45 34 0.000000 2.124000 2.124000
45 18 -2.124000 2.124000 2.124000
45 10 2.124000 -2.124000 2.124000
45 11 0.000000 0.000000 2.124000
45 42 0.000000 -2.124000 2.124000
45 43 2.124000 0.000000 2.124000
45 26 -2.124000 -2.124000 2.124000
45 59 -2.124000 0.000000 2.124000
45 6 2.124000 2.124000 -2.124000
45 8 0.000000 2.124000 0.000000
45 38 0.000000 2.124000 -2.124000
45 40 2.124000 2.124000 0.000000
45 22 -2.124000 2.124000 -2.124000
45 56 -2.124000 2.124000 0.000000
45 12 2.124000 0.000000 0.000000
45 13 2.124000 -2.124000 -2.124000
45 14 0.000000 0.000000 -2.124000
45 15 0.000000 -2.124000 0.000000
45 46 0.000000 -2.124000 -2.124000
45 47 2.124000 0.000000 -2.124000
45 48 2.124000 -2.124000 0.000000
45 29 -2.124000 0.000000 0.000000
45 30 -2.124000 -2.124000 -2.124000
45 63 -2.124000 0.000000 -2.124000
45 64 -2.124000 -2.124000 0.000000
46 12 2.124000 2.124000 2.124000
46 13 2.124000 0.000000 0.000000
46 14 0.000000 2.124000 0.000000
46 15 0.000000 0.000000 2.124000
46 45 0.000000 2.124000 2.124000
46 47 2.124000 2.124000 0.000000
46 48 2.124000 0.000000 2.124000
46 29 -2.124000 2.124000 2.124000
46 30 -2.124000 0.000000 0.000000
46 63 -2.124000 2.124000 0.000000
46 64 -2.124000 0.000000 2.124000
46 5 2.124000 -2.124000 2.124000
46 7 0.000000 -2.124000 0.000000
46 37 0.000000 -2.124000 2.124000
46 39 2.124000 -2.124000 0.000000
46 21 -2.124000 -2.124000 2.124000
46 55 -2.124000 -2.124000 0.000000
46 9 2.124000 2.124000 -2.124000
46 16 0.000000 0.000000 -2.124000
46 41 0.000000 2.124000 -2.124000
46 44 2.124000 0.000000 -2.124000
46 25 -2.124000 2.124000 -2.124000
46 60 -2.124000 0.000000 -2.124000
46 1 2.124000 -2.124000 -2.124000
46 33 0.000000 -2.124000 -2.124000
46 17 -2.124000 -2.124000 -2.124000
47 24 2.124000 2.124000 2.124000
47 54 2.124000 2.124000 0.000000
47 6 0.000000 2.124000 0.000000
47 8 -2.124000 2.124000 2.124000
47 38 -2.124000 2.124000 0.000000
47 40 0.000000 2.124000 2.124000
47 31 2.124000 0.000000 0.000000
47 32 2.124000 -2.124000 2.124000
47 61 2.124000 0.000000 2.124000
47 62 2.124000 -2.124000 0.000000
47 12 0.000000 0.000000 2.124000
47 13 0.000000 -2.124000 0.000000
47 14 -2.124000 0.000000 0.000000
47 15 -2.124000 -2.124000 2.124000
47 45 -2.124000 0.000000 2.124000
47 46 -2.124000 -2.124000 0.000000
47 48 0.000000 -2.124000 2.124000
47 20 2.124000 2.124000 -2.124000
47 4 -2.124000 2.124000 -2.124000
47 36 0.000000 2.124000 -2.124000
47 28 2.124000 -2.124000 -2.124000
47 57 2.124000 0.000000 -2.124000
47 9 0.000000 0.000000 -2.124000
47 16 -2.124000 -2.124000 -2.124000
47 41 -2.124000 0.000000 -2.124000
47 44 0.000000 -2.124000 -2.124000
48 27 2.124000 2.124000 2.124000
48 58 2.124000 0.000000 2.124000
48 10 0.000000 0.000000 2.124000
48 11 -2.124000 2.124000 2.124000
48 42 -2.124000 0.000000 2.124000
48 43 0.000000 2.124000 2.124000
48 19 2.124000 -2.124000 2.124000
48 3 -2.124000 -2.124000 2.124000
48 35 0.000000 -2.124000 2.124000
48 31 2.124000 2.124000 -2.124000
48 32 2.124000 0.000000 0.000000
48 61 2.124000 2.124000 0.000000
48 62 2.124000 0.000000 -2.124000
48 12 0.000000 2.124000 0.000000
48 13 0.000000 0.000000 -2.124000
48 14 -2.124000 2.124000 -2.124000
48 15 -2.124000 0.000000 0.000000
48 45 -2.124000 2.124000 0.000000
48 46 -2.124000 0.000000 -2.124000
48 47 0.000000 2.124000 -2.124000
48 23 2.124000 -2.124000 -2.124000
48 53 2.124000 -2.124000 0.000000
48 5 0.000000 -2.124000 0.000000
48 7 -2.124000 -2.124000 -2.124000
48 37 -2.124000 -2.124000 0.000000
48 39 0.000000 -2.124000 -2.124000
49 30 2.124000 2.124000 2.124000
49 62 0.000000 2.124000 2.124000
49 13 -2.124000 2.124000 2.124000
49 22 2.124000 -2.124000 2.124000
49 23 0.000000 0.000000 2.124000
49 54 0.000000 -2.124000 2.124000
49 55 2.124000 0.000000 2.124000
49 6 -2.124000 -2.124000 2.124000
49 39 -2.124000 0.000000 2.124000
49 26 2.124000 2.124000 -2.124000
49 28 0.000000 2.124000 0.000000
49 58 0.000000 2.124000 -2.124000
49 60 2.124000 2.124000 0.000000
49 10 -2.124000 2.124000 -2.124000
49 44 -2.124000 2.124000 0.000000
49 17 2.124000 0.000000 0.000000
49 18 2.124000 -2.124000 -2.124000
49 19 0.000000 0.000000 -2.124000
49 20 0.000000 -2.124000 0.000000
49 50 0.000000 -2.124000 -2.124000
49 51 2.124000 0.000000 -2.124000
49 52 2.124000 -2.124000 0.000000
49 1 -2.124000 0.000000 0.000000
49 2 -2.124000 -2.124000 -2.124000
49 35 -2.124000 0.000000 -2.124000
49 36 -2.124000 -2.124000 0.000000
50 17 2.124000 2.124000 2.124000
50 18 2.124000 0.000000 0.000000
50 19 0.000000 2.124000 0.000000
50 20 0.000000 0.000000 2.124000
50 49 0.000000 2.124000 2.124000
50 51 2.124000 2.124000 0.000000
50 52 2.124000 0.000000 2.124000
50 1 -2.124000 2.124000 2.124000
50 2 -2.124000 0.000000 0.000000
50 35 -2.124000 2.124000 0.000000
50 36 -2.124000 0.000000 2.124000
50 25 2.124000 -2.124000 2.124000
50 27 0.000000 -2.124000 0.000000
50 57 0.000000 -2.124000 2.124000
50 59 2.124000 -2.124000 0.000000
50 9 -2.124000 -2.124000 2.124000
50 43 -2.124000 -2.124000 0.000000
50 21 2.124000 2.124000 -2.124000
50 24 0.000000 0.000000 -2.124000
50 53 0.000000 2.124000 -2.124000
50 56 2.124000 0.000000 -2.124000
50 5 -2.124000 2.124000 -2.124000
50 40 -2.124000 0.000000 -2.124000
50 29 2.124000 -2.124000 -2.124000
50 61 0.000000 -2.124000 -2.124000
50 12 -2.124000 -2.124000 -2.124000
51 16 2.124000 2.124000 2.124000
51 42 2.124000 2.124000 0.000000
51 26 0.000000 2.124000 0.000000
51 28 -2.124000 2.124000 2.124000
51 58 -2.124000 2.124000 0.000000
51 60 0.000000 2.124000 2.124000
51 3 2.124000 0.000000 0.000000
51 4 2.124000 -2.124000 2.124000
51 33 2.124000 0.000000 2.124000
51 34 2.124000 -2.124000 0.000000
51 17 0.000000 0.000000 2.124000
51 18 0.000000 -2.124000 0.000000
51 19 -2.124000 0.000000 0.000000
51 20 -2.124000 -2.124000 2.124000
51 49 -2.124000 0.000000 2.124000
51 50 -2.124000 -2.124000 0.000000
51 52 0.000000 -2.124000 2.124000
51 15 2.124000 2.124000 -2.124000
51 32 -2.124000 2.124000 -2.124000
51 64 0.000000 2.124000 -2.124000
51 8 2.124000 -2.124000 -2.124000
51 37 2.124000 0.000000 -2.124000
51 21 0.000000 0.000000 -2.124000
51 24 -2.124000 -2.124000 -2.124000
51 53 -2.124000 0.000000 -2.124000
51 56 0.000000 -2.124000 -2.124000
52 7 2.124000 2.124000 2.124000
52 38 2.124000 0.000000 2.124000
52 22 0.000000 0.000000 2.124000
52 23 -2.124000 2.124000 2.124000
52 54 -2.124000 0.000000 2.124000
52 55 0.000000 2.124000 2.124000
52 14 2.124000 -2.124000 2.124000
52 31 -2.124000 -2.124000 2.124000
52 63 0.000000 -2.124000 2.124000
52 3 2.124000 2.124000 -2.124000
52 4 2.124000 0.000000 0.000000
52 33 2.124000 2.124000 0.000000
52 34 2.124000 0.000000 -2.124000
52 17 0.000000 2.124000 0.000000
52 18 0.000000 0.000000 -2.124000
52 19 -2.124000 2.124000 -2.124000
52 20 -2.124000 0.000000 0.000000
52 49 -2.124000 2.124000 0.000000
52 50 -2.124000 0.000000 -2.124000
52 51 0.000000 2.124000 -2.124000
52 11 2.124000 -2.124000 -2.124000
52 41 2.124000 -2.124000 0.000000
52 25 0.000000 -2.124000 0.000000
52 27 -2.124000 -2.124000 -2.124000
52 57 -2.124000 -2.124000 0.000000
52 59 0.000000 -2.124000 -2.124000
53 26 2.124000 2.124000 2.124000
53 58 0.000000 2.124000 2.124000
53 10 -2.124000 2.124000 2.124000
53 18 2.124000 -2.124000 2.124000
53 19 0.000000 0.000000 2.124000
53 50 0.000000 -2.124000 2.124000
53 51 2.124000 0.000000 2.124000
53 2 -2.124000 -2.124000 2.124000
53 35 -2.124000 0.000000 2.124000
53 30 2.124000 2.124000 -2.124000
53 32 0.000000 2.124000 0.000000
53 62 0.000000 2.124000 -2.124000
53 64 2.124000 2.124000 0.000000
53 13 -2.124000 2.124000 -2.124000
53 48 -2.124000 2.124000 0.000000
53 21 2.124000 0.000000 0.000000
53 22 2.124000 -2.124000 -2.124000
53 23 0.000000 0.000000 -2.124000
53 24 0.000000 -2.124000 0.000000
53 54 0.000000 -2.124000 -2.124000
53 55 2.124000 0.000000 -2.124000
53 56 2.124000 -2.124000 0.000000
53 5 -2.124000 0.000000 0.000000
53 6 -2.124000 -2.124000 -2.124000
53 39 -2.124000 0.000000 -2.124000
53 40 -2.124000 -2.124000 0.000000
54 21 2.124000 2.124000 2.124000
54 22 2.124000 0.000000 0.000000
54 23 0.000000 2.124000 0.000000
54 24 0.000000 0.000000 2.124000
54 53 0.000000 2.124000 2.124000
54 55 2.124000 2.124000 0.000000
54 56 2.124000 0.000000 2.124000
54 5 -2.124000 2.124000 2.124000
54 6 -2.124000 0.000000 0.000000
54 39 -2.124000 2.124000 0.000000
54 40 -2.124000 0.000000 2.124000
54 29 2.124000 -2.124000 2.124000
54 31 0.000000 -2.124000 0.000000
54 61 0.000000 -2.124000 2.124000
54 63 2.124000 -2.124000 0.000000
54 12 -2.124000 -2.124000 2.124000
54 47 -2.124000 -2.124000 0.000000
54 17 2.124000 2.124000 -2.124000
54 20 0.000000 0.000000 -2.124000
54 49 0.000000 2.124000 -2.124000
54 52 2.124000 0.000000 -2.124000
54 1 -2.124000 2.124000 -2.124000
54 36 -2.124000 0.000000 -2.124000
54 25 2.124000 -2.124000 -2.124000
54 57 0.000000 -2.124000 -2.124000
54 9 -2.124000 -2.124000 -2.124000
55 15 2.124000 2.124000 2.124000
55 46 2.124000 2.124000 0.000000
55 30 0.000000 2.124000 0.000000
55 32 -2.124000 2.124000 2.124000
55 62 -2.124000 2.124000 0.000000
55 64 0.000000 2.124000 2.124000
55 7 2.124000 0.000000 0.000000
55 8 2.124000 -2.124000 2.124000
55 37 2.124000 0.000000 2.124000
55 38 2.124000 -2.124000 0.000000
55 21 0.000000 0.000000 2.124000
55 22 0.000000 -2.124000 0.000000
55 23 -2.124000 0.000000 0.000000
55 24 -2.124000 -2.124000 2.124000
55 53 -2.124000 0.000000 2.124000
55 54 -2.124000 -2.124000 0.000000
55 56 0.000000 -2.124000 2.124000
55 16 2.124000 2.124000 -2.124000
55 28 -2.124000 2.124000 -2.124000
55 60 0.000000 2.124000 -2.124000
55 4 2.124000 -2.124000 -2.124000
55 33 2.124000 0.000000 -2.124000
55 17 0.000000 0.000000 -2.124000
55 20 -2.124000 -2.124000 -2.124000
55 49 -2.124000 0.000000 -2.124000
55 52 0.000000 -2.124000 -2.124000
56 3 2.124000 2.124000 2.124000
56 34 2.124000 0.000000 2.124000
56 18 0.000000 0.000000 2.124000
56 19 -2.124000 2.124000 2.124000
56 50 -2.124000 0.000000 2.124000
56 51 0.000000 2.124000 2.124000
56 11 2.124000 -2.124000 2.124000
56 27 -2.124000 -2.124000 2.124000
56 59 0.000000 -2.124000 2.124000
56 7 2.124000 2.124000 -2.124000
56 8 2.124000 0.000000 0.000000
56 37 2.124000 2.124000 0.000000
56 38 2.124000 0.000000 -2.124000
56 21 0.000000 2.124000 0.000000
56 22 0.000000 0.000000 -2.124000
56 23 -2.124000 2.124000 -2.124000
56 24 -2.124000 0.000000 0.000000
56 53 -2.124000 2.124000 0.000000
56 54 -2.124000 0.000000 -2.124000
56 55 0.000000 2.124000 -2.124000
56 14 2.124000 -2.124000 -2.124000
56 45 2.124000 -2.124000 0.000000
56 29 0.000000 -2.124000 0.000000
56 31 -2.124000 -2.124000 -2.124000
56 61 -2.124000 -2.124000 0.000000
56 63 0.000000 -2.124000 -2.124000
57 22 2.124000 2.124000 2.124000
57 54 0.000000 2.124000 2.124000
57 6 -2.124000 2.124000 2.124000
57 30 2.124000 -2.124000 2.124000
57 31 0.000000 0.000000 2.124000
57 62 0.000000 -2.124000 2.124000
57 63 2.124000 0.000000 2.124000
57 13 -2.124000 -2.124000 2.124000
57 47 -2.124000 0.000000 2.124000
57 18 2.124000 2.124000 -2.124000
57 20 0.000000 2.124000 0.000000
57 50 0.000000 2.124000 -2.124000
57 52 2.124000 2.124000 0.000000
57 2 -2.124000 2.124000 -2.124000
57 36 -2.124000 2.124000 0.000000
57 25 2.124000 0.000000 0.000000
57 26 2.124000 -2.124000 -2.124000
57 27 0.000000 0.000000 -2.124000
57 28 0.000000 -2.124000 0.000000
57 58 0.000000 -2.124000 -2.124000
57 59 2.124000 0.000000 -2.124000
57 60 2.124000 -2.124000 0.000000
57 9 -2.124000 0.000000 0.000000
57 10 -2.124000 -2.124000 -2.124000
57 43 -2.124000 0.000000 -2.124000
57 44 -2.124000 -2.124000 0.000000
58 25 2.124000 2.124000 2.124000
58 26 2.124000 0.000000 0.000000
58 27 0.000000 2.124000 0.000000
58 28 0.000000 0.000000 2.124000
58 57 0.000000 2.124000 2.124000
58 59 2.124000 2.124000 0.000000
58 60 2.124000 0.000000 2.124000
58 9 -2.124000 2.124000 2.124000
58 10 -2.124000 0.000000 0.000000
58 43 -2.124000 2.124000 0.000000
58 44 -2.124000 0.000000 2.124000
58 17 2.124000 -2.124000 2.124000
58 19 0.000000 -2.124000 0.000000
58 49 0.000000 -2.124000 2.124000
58 51 2.124000 -2.124000 0.000000
58 1 -2.124000 -2.124000 2.124000
58 35 -2.124000 -2.124000 0.000000
58 29 2.124000 2.124000 -2.124000
58 32 0.000000 0.000000 -2.124000
58 61 0.000000 2.124000 -2.124000
58 64 2.124000 0.000000 -2.124000
58 12 -2.124000 2.124000 -2.124000
58 48 -2.124000 0.000000 -2.124000
58 21 2.124000 -2.124000 -2.124000
58 53 0.000000 -2.124000 -2.124000
58 5 -2.124000 -2.124000 -2.124000
59 4 2.124000 2.124000 2.124000
59 34 2.124000 2.124000 0.000000
59 18 0.000000 2.124000 0.000000
59 20 -2.124000 2.124000 2.124000
59 50 -2.124000 2.124000 0.000000
59 52 0.000000 2.124000 2.124000
59 11 2.124000 0.000000 0.000000
59 16 2.124000 -2.124000 2.124000
59 41 2.124000 0.000000 2.124000
59 42 2.124000 -2.124000 0.000000
59 25 0.000000 0.000000 2.124000
59 26 0.000000 -2.124000 0.000000
59 27 -2.124000 0.000000 0.000000
59 28 -2.124000 -2.124000 2.124000
59 57 -2.124000 0.000000 2.124000
59 58 -2.124000 -2.124000 0.000000
59 60 0.000000 -2.124000 2.124000
59 8 2.124000 2.124000 -2.124000
59 24 -2.124000 2.124000 -2.124000
59 56 0.000000 2.124000 -2.124000
59 15 2.124000 -2.124000 -2.124000
59 45 2.124000 0.000000 -2.124000
59 29 0.000000 0.000000 -2.124000
59 32 -2.124000 -2.124000 -2.124000
59 61 -2.124000 0.000000 -2.124000
59 64 0.000000 -2.124000 -2.124000
60 14 2.124000 2.124000 2.124000
60 46 2.124000 0.000000 2.124000
60 30 0.000000 0.000000 2.124000
60 31 -2.124000 2.124000 2.124000
60 62 -2.124000 0.000000 2.124000
60 63 0.000000 2.124000 2.124000
60 7 2.124000 -2.124000 2.124000
60 23 -2.124000 -2.124000 2.124000
60 55 0.000000 -2.124000 2.124000
60 11 2.124000 2.124000 -2.124000
60 16 2.124000 0.000000 0.000000
60 41 2.124000 2.124000 0.000000
60 42 2.124000 0.000000 -2.124000
60 25 0.000000 2.124000 0.000000
60 26 0.000000 0.000000 -2.124000
60 27 -2.124000 2.124000 -2.124000
60 28 -2.124000 0.000000 0.000000
60 57 -2.124000 2.124000 0.000000
60 58 -2.124000 0.000000 -2.124000
60 59 0.000000 2.124000 -2.124000
60 3 2.124000 -2.124000 -2.124000
60 33 2.124000 -2.124000 0.000000
60 17 0.000000 -2.124000 0.000000
60 19 -2.124000 -2.124000 -2.124000
60 49 -2.124000 -2.124000 0.000000
60 51 0.000000 -2.124000 -2.124000
61 18 2.124000 2.124000 2.124000
61 50 0.000000 2.124000 2.124000
61 2 -2.124000 2.124000 2.124000
61 26 2.124000 -2.124000 2.124000
61 27 0.000000 0.000000 2.124000
61 58 0.000000 -2.124000 2.124000
61 59 2.124000 0.000000 2.124000
61 10 -2.124000 -2.124000 2.124000
61 43 -2.124000 0.000000 2.124000
61 22 2.124000 2.124000 -2.124000
61 24 0.000000 2.124000 0.000000
61 54 0.000000 2.124000 -2.124000
61 56 2.124000 2.124000 0.000000
61 6 -2.124000 2.124000 -2.124000
61 40 -2.124000 2.124000 0.000000
61 29 2.124000 0.000000 0.000000
61 30 2.124000 -2.124000 -2.124000
61 31 0.000000 0.000000 -2.124000
61 32 0.000000 -2.124000 0.000000
61 62 0.000000 -2.124000 -2.124000
61 63 2.124000 0.000000 -2.124000
61 64 2.124000 -2.124000 0.000000
61 12 -2.124000 0.000000 0.000000
61 13 -2.124000 -2.124000 -2.124000
61 47 -2.124000 0.000000 -2.124000
61 48 -2.124000 -2.124000 0.000000
62 29 2.124000 2.124000 2.124000
62 30 2.124000 0.000000 0.000000
62 31 0.000000 2.124000 0.000000
62 32 0.000000 0.000000 2.124000
62 61 0.000000 2.124000 2.124000
62 63 2.124000 2.124000 0.000000
62 64 2.124000 0.000000 2.124000
62 12 -2.124000 2.124000 2.124000
62 13 -2.124000 0.000000 0.000000
62 47 -2.124000 2.124000 0.000000
62 48 -2.124000 0.000000 2.124000
62 21 2.124000 -2.124000 2.124000
62 23 0.000000 -2.124000 0.000000
62 53 0.000000 -2.124000 2.124000
62 55 2.124000 -2.124000 0.000000
62 5 -2.124000 -2.124000 2.124000
62 39 -2.124000 -2.124000 0.000000
62 25 2.124000 2.124000 -2.124000
62 28 0.000000 0.000000 -2.124000
62 57 0.000000 2.124000 -2.124000
62 60 2.124000 0.000000 -2.124000
62 9 -2.124000 2.124000 -2.124000
62 44 -2.124000 0.000000 -2.124000
62 17 2.124000 -2.124000 -2.124000
62 49 0.000000 -2.124000 -2.124000
62 1 -2.124000 -2.124000 -2.124000
63 8 2.124000 2.124000 2.124000
63 38 2.124000 2.124000 0.000000
63 22 0.000000 2.124000 0.000000
63 24 -2.124000 2.124000 2.124000
63 54 -2.124000 2.124000 0.000000
63 56 0.000000 2.124000 2.124000
63 14 2.124000 0.000000 0.000000
63 15 2.124000 -2.124000 2.124000
63 45 2.124000 0.000000 2.124000
63 46 2.124000 -2.124000 0.000000
63 29 0.000000 0.000000 2.124000
63 30 0.000000 -2.124000 0.000000
63 31 -2.124000 0.000000 0.000000
63 32 -2.124000 -2.124000 2.124000
63 61 -2.124000 0.000000 2.124000
63 62 -2.124000 -2.124000 0.000000
63 64 0.000000 -2.124000 2.124000
63 4 2.124000 2.124000 -2.124000
63 20 -2.124000 2.124000 -2.124000
63 52 0.000000 2.124000 -2.124000
63 16 2.124000 -2.124000 -2.124000
63 41 2.124000 0.000000 -2.124000
63 25 0.000000 0.000000 -2.124000
63 28 -2.124000 -2.124000 -2.124000
63 57 -2.124000 0.000000 -2.124000
63 60 0.000000 -2.124000 -2.124000
64 11 2.124000 2.124000 2.124000
64 42 2.124000 0.000000 2.124000
64 26 0.000000 0.000000 2.124000
64 27 -2.124000 2.124000 2.124000
64 58 -2.124000 0.000000 2.124000
64 59 0.000000 2.124000 2.124000
64 3 2.124000 -2.124000 2.124000
64 19 -2.124000 -2.124000 2.124000
64 51 0.000000 -2.124000 2.124000
64 14 2.124000 2.124000 -2.124000
64 15 2.124000 0.000000 0.000000
64 45 2.124000 2.124000 0.000000
64 46 2.124000 0.000000 -2.124000
64 29 0.000000 2.124000 0.000000
64 30 0.000000 0.000000 -2.124000
64 31 -2.124000 2.124000 -2.124000
64 32 -2.124000 0.000000 0.000000
64 61 -2.124000 2.124000 0.000000
64 62 -2.124000 0.000000 -2.124000
64 63 0.000000 2.124000 -2.124000
64 7 2.124000 -2.124000 -2.124000
64 37 2.124000 -2.124000 0.000000
64 21 0.000000 -2.124000 0.000000
64 23 -2.124000 -2.124000 -2.124000
64 53 -2.124000 -2.124000 0.000000
64 55 0.000000 -2.124000 -2.124000
