001001111111100010011000100110101100000001100011011100000110101001001111011100100010100110010011100010010000000010100000110000110000110000011010100010000000001100011001 
001011100011001001110110100010111001000000110001110100000001100100111111111011101011111100000000000001010101110110000000111111111110110011101111001110011110111111110101 
001001111111111111111100111111100110000001111110011111111110000111111111111101101001111010100101000010000010100001000001101111111110110001000110010110000100000010010010 
001001011111011100111111011100110100010101100001001111001100111001011100010111000111010111010100100011000000000010001111101111111000100111100000001000101110101111111000 
001001011011010111011000011001111110101100101000101111101100101010000010000110111100011110000000000100000000000000001110100000010100100110000100011100110100011000011110 
001010101100111101111100100101011000100110000101001111101101011010111111010111011101001110101110000010000011100101000101101110011110101110000101001101010111111100110001 
001010100000000001000010011010011000000011111010011111010001000000110110000101111001000001010000100001111011101110100011011111101000110001010000000010000010111111111111 
001100010000101001111011001110101001100000010011010100011000010011000000110011111111110000000000000001011111111111001011111111111100110011101111111010101000111011001110 
001001111111111101110010110001000000100100100111100111100000000001111100111001000010010110111000000010000000000000000010101011101110110011110000000010111100000000000001 
001001010101001101011111110100101000010001000010001110111100111001011011001100101001101101110011100011000110000000100101111010111010100111100000100000110000000011011000 
001001011000001010001001100001011011101001101001110101101101011011000010010111111111000000000001100100000000000000001011111111110000110000100000000110110000101010010110 
001001111111111010111100100101010100011101000110000111011010011011110000010000000001010100111010100010011110010010000110001001011010101100110001010001010010000010000010 
001001011111111110000001110000010011101010001001000001111000001101000011010011011000001000000000000100010000000000001000000001001100101101000000000010000001011000000100 
001001000100010001100001100111111100110000001101001111010100000010111110111100001011001000111011100100000000000000001110111110001110101000000000001100111001111111011111 
001001101101011010110000011110110000001011111011100111000100001011111010001001000011001010011100100010100000000001001101000100111100110010000000000010100010000000000000 
001001011001001001110111111100010000111001010001111110100100110001111010011100011001001100001100000011000000000001000101110100000010101000100010001100110101000000100100 
001001100011100100110001110000001101001011010011111111100101011101000001110001010110110000000010000100000000000000010000011111111010110000000000000010101000101110011001 
001010101001000011101111100111010000011111111101110110101010000000111101111000000010100000011010000010100000000001000101101001111110101001100000000000110011111111111111 
001010001000000111110010000011010100110000111110010110110110010001111110011110101011110010100011100010000000000000000011011101111110110101000000000011011001011001100000 
001000111110111101011111110011111110000000110101011111001000000010000011010000001110101000110110100100000000000000001011011111010100100100000000000000100111111111111001 
001001111111111100011101110101000000000010010010001000100101111101011001011111000001100100110000100010000100000010100101101001101010110000110010000010000000011110110101 
001001111111111011010111101111011100110100111100001110100111101010111110011010001011110101010001000010000011010101000010101110111000110000101111111110000000000000001001 
001010011111111110110100011011100000000100110001001111010000110010100001001100101000100001110111000001101011111111001101011100001010110011001000010010100010000000001001 
001001101111111011001010001001100000011101100110110111000010110101110111111000111111010111000000100010100000000001000110110110110000110000010000000010000001101110110010 
001001011000001011101101001010101100101011101011111110010010100100111011010011110011001110101000100011000010000001001000000001000000100111110011110000110000110010101000 
001010101000111101101111110111100001000000000110111111010001000011111111110011000101100010001100000001100111110010000001101111111100110100001000000010110100110011011000 
001010001101001101111111111101001110000010000100001110111111010000000001001011101111001111001010000011011000000001010111110111010010101001110100000101000110101111100100 
001001100000010001100111101010010100010000011010101111000001010001111101111011011101110000011111100011000000000000100100000011101000101110000000101101101010000000101000 
001010000111000001100111001001001100101001110000100111011010011011110101110001011101011001110000100010000111001001000100011000100100110001001010110010001000000011111111 
001011100000000000110001000100010100000100111111010110111111110100010001100100010110110000001000000001001111011111001001101111111100110111000000000011101111111111101100 
001011000000101011101100010100000000000111111011101111011000001111011101100100110010000100000100000001001111111111000011111011110100110110000110110011011011110000101000 
001010000001110011110001111010010001000100100000100110110000111111111111001110110101011001101000100010010011001111000010101000111100101110100001010001100011000000000001 
001011000000010001111101110110010001000010001010011100100001111100111111111111100001100110011001100001011000000010000000111111111110110100101101010010110111011010010000 
001011000010010000111110001001110000000000010001111100000000000011001110101101010010000010001100000001100000000000111010101111100010110110000000000011011111111111111111 
001011000000000101101110000011100100101000000110010101111001011001110011000011100011100100110100100001101111110100000011000001110010110010010000100010001101111110101001 
001001010011111111111111110000011101000010010110001110101111101001111111110010000000110011110010100011000000000110000100011111111100100101011100011100100011101110001111 
001001110111111111000010101001111100010111100100111111110100000000100010011000001011011000011100100010100011111110001010001011010010101011100000000001000111000111111100 
001001000000001001111101111010110110001010100001100111000111000101001000000001010010011000011001000100000000000001000110001000000010101000001000011001000000110011001100 
001011011100010001110111100111000010000111110100001111011001110011010100100110001100000000011000000100000000000000000011111111111110110001111111111111010111000111000010 
001001111101001001101101100011001001000000001001001110100101000111111111111000001001010100111000100010100000011000000011001101110000101011101000010001000110101000000111 
001011101011010101110001111111110001000110101100000110101100011011111110101011010111011101000110000001001011100110000000111111111010110110100000000111011101111010100111 
001010100111001000110110111111001100100011010000110110111111111101000001011111010110011000110010100010100000000100000111101111100100110001100100000110100000000000001011 
001001000000000000110110010010111100100000000110100111000011100101110000110011001011110100110111100011100000000000001101101111001010100111010000000000110001110111100011 
001010001110100011111100010001011101000100100000001110110010010101111111001110001101110000111010000010000010001001000010011110001110110001000000100010000010000000000000 
001011000000000010010010000100001000001111011011111111001101010010110010110100001001010000011001100001100110001111000001111111110110110101000100100011001000101101010000 
001010011001111110011100011001110001101100110010000101011000110100000011100000110100011001111101100010110000000111000010110111001110101101011100011001100000010100100000 
001011000110001001111111111111110101010000100000001100111101000101111111111111101101101111100011100001011000000000000000111111111110110100000111111010101010001100000100 
001010000000000001111101001000011001010000100001010110110111111100111111000111010111110000010111000010100000000000000010111111111100110001000000000010001010100111010010 
001011000110010011101011110010110000111010110101011110000000000001111111111110110101110100110110000001011111111111000001100100110110110011100000000010011111111111111111 
001001100000001001011010001101100100010111011111110110011111111111111111010101101110100000001100100011000000000000001010011101001100101011000000000001001000101111111111 
