&general
  PREFIX = FCS5
  MODE = fitting
  NAT = 64; NKD = 1
  KD = Si
/

&interaction
  NORDER = 2  # 1: harmonic, 2: cubic, ..
/

&fitting
  NDATA = 2
  DFILE = DFILE
  FFILE = FFILE5
/

&cell

20.681161219 # factor in Bohr unit
1.0 0.0 0.0 # a1
0.0 1.0 0.0 # a2
0.0 0.0 1.0 # a3

/

&cutoff 
  Si-Si 5.669177966 5.669177966
/

&position
1 0.5000000000 0.0000000000 0.0000000000
1 0.7500000000 0.2500000000 0.0000000000
1 0.7500000000 0.0000000000 0.2500000000
1 0.0000000000 0.0000000000 0.0000000000
1 0.2500000000 0.2500000000 0.0000000000
1 0.5000000000 0.5000000000 0.0000000000
1 0.7500000000 0.7500000000 0.0000000000
1 0.2500000000 0.0000000000 0.2500000000
1 0.5000000000 0.2500000000 0.2500000000
1 0.7500000000 0.5000000000 0.2500000000
1 0.5000000000 0.0000000000 0.5000000000
1 0.7500000000 0.2500000000 0.5000000000
1 0.7500000000 0.0000000000 0.7500000000
1 0.0000000000 0.5000000000 0.0000000000
1 0.2500000000 0.7500000000 0.0000000000
1 0.0000000000 0.2500000000 0.2500000000
1 0.2500000000 0.5000000000 0.2500000000
1 0.5000000000 0.7500000000 0.2500000000
1 0.0000000000 0.0000000000 0.5000000000
1 0.2500000000 0.2500000000 0.5000000000
1 0.5000000000 0.5000000000 0.5000000000
1 0.7500000000 0.7500000000 0.5000000000
1 0.2500000000 0.0000000000 0.7500000000
1 0.5000000000 0.2500000000 0.7500000000
1 0.7500000000 0.5000000000 0.7500000000
1 0.0000000000 0.7500000000 0.2500000000
1 0.0000000000 0.5000000000 0.5000000000
1 0.2500000000 0.7500000000 0.5000000000
1 0.0000000000 0.2500000000 0.7500000000
1 0.2500000000 0.5000000000 0.7500000000
1 0.5000000000 0.7500000000 0.7500000000
1 0.0000000000 0.7500000000 0.7500000000
1 0.6250000000 0.1250000000 0.1250000000
1 0.8750000000 0.3750000000 0.1250000000
1 0.8750000000 0.1250000000 0.3750000000
1 0.1250000000 0.1250000000 0.1250000000
1 0.3750000000 0.3750000000 0.1250000000
1 0.6250000000 0.6250000000 0.1250000000
1 0.8750000000 0.8750000000 0.1250000000
1 0.3750000000 0.1250000000 0.3750000000
1 0.6250000000 0.3750000000 0.3750000000
1 0.8750000000 0.6250000000 0.3750000000
1 0.6250000000 0.1250000000 0.6250000000
1 0.8750000000 0.3750000000 0.6250000000
1 0.8750000000 0.1250000000 0.8750000000
1 0.1250000000 0.6250000000 0.1250000000
1 0.3750000000 0.8750000000 0.1250000000
1 0.1250000000 0.3750000000 0.3750000000
1 0.3750000000 0.6250000000 0.3750000000
1 0.6250000000 0.8750000000 0.3750000000
1 0.1250000000 0.1250000000 0.6250000000
1 0.3750000000 0.3750000000 0.6250000000
1 0.6250000000 0.6250000000 0.6250000000
1 0.8750000000 0.8750000000 0.6250000000
1 0.3750000000 0.1250000000 0.8750000000
1 0.6250000000 0.3750000000 0.8750000000
1 0.8750000000 0.6250000000 0.8750000000
1 0.1250000000 0.8750000000 0.3750000000
1 0.1250000000 0.6250000000 0.6250000000
1 0.3750000000 0.8750000000 0.6250000000
1 0.1250000000 0.3750000000 0.8750000000
1 0.3750000000 0.6250000000 0.8750000000
1 0.6250000000 0.8750000000 0.8750000000
1 0.1250000000 0.8750000000 0.8750000000
/
