      0.0377946       0.0000000       0.0000000
      0.0000000       0.0000000       0.0000000
      0.0000000       0.0000000       0.0000000
      0.0000000       0.0000000       0.0000000
      0.0000000       0.0000000       0.0000000
      0.0000000       0.0000000       0.0000000
      0.0000000       0.0000000       0.0000000
      0.0000000       0.0000000       0.0000000
      0.0000000       0.0000000       0.0000000
      0.0000000       0.0000000       0.0000000
      0.0000000       0.0000000       0.0000000
      0.0000000       0.0000000       0.0000000
      0.0000000       0.0000000       0.0000000
      0.0000000       0.0000000       0.0000000
      0.0000000       0.0000000       0.0000000
      0.0000000       0.0000000       0.0000000
      0.0000000       0.0000000       0.0000000
      0.0000000       0.0000000       0.0000000
      0.0000000       0.0000000       0.0000000
      0.0000000       0.0000000       0.0000000
      0.0000000       0.0000000       0.0000000
      0.0000000       0.0000000       0.0000000
      0.0000000       0.0000000       0.0000000
      0.0000000       0.0000000       0.0000000
      0.0000000       0.0000000       0.0000000
      0.0000000       0.0000000       0.0000000
      0.0000000       0.0000000       0.0000000
      0.0000000       0.0000000       0.0000000
      0.0000000       0.0000000       0.0000000
      0.0000000       0.0000000       0.0000000
      0.0000000       0.0000000       0.0000000
      0.0000000       0.0000000       0.0000000
      0.0000000       0.0000000       0.0000000
      0.0000000       0.0000000       0.0000000
      0.0000000       0.0000000       0.0000000
      0.0000000       0.0000000       0.0000000
      0.0000000       0.0000000       0.0000000
      0.0000000       0.0000000       0.0000000
      0.0000000       0.0000000       0.0000000
      0.0000000       0.0000000       0.0000000
      0.0000000       0.0000000       0.0000000
      0.0000000       0.0000000       0.0000000
      0.0000000       0.0000000       0.0000000
      0.0000000       0.0000000       0.0000000
      0.0000000       0.0000000       0.0000000
      0.0000000       0.0000000       0.0000000
      0.0000000       0.0000000       0.0000000
      0.0000000       0.0000000       0.0000000
      0.0000000       0.0000000       0.0000000
      0.0000000       0.0000000       0.0000000
      0.0000000       0.0000000       0.0000000
      0.0000000       0.0000000       0.0000000
      0.0000000       0.0000000       0.0000000
      0.0000000       0.0000000       0.0000000
      0.0000000       0.0000000       0.0000000
      0.0000000       0.0000000       0.0000000
      0.0000000       0.0000000       0.0000000
      0.0000000       0.0000000       0.0000000
      0.0000000       0.0000000       0.0000000
      0.0000000       0.0000000       0.0000000
      0.0000000       0.0000000       0.0000000
      0.0000000       0.0000000       0.0000000
      0.0000000       0.0000000       0.0000000
      0.0000000       0.0000000       0.0000000
      0.0377946       0.0377946       0.0000000
      0.0000000       0.0000000       0.0000000
      0.0000000       0.0000000       0.0000000
      0.0000000       0.0000000       0.0000000
      0.0000000       0.0000000       0.0000000
      0.0000000       0.0000000       0.0000000
      0.0000000       0.0000000       0.0000000
      0.0000000       0.0000000       0.0000000
      0.0000000       0.0000000       0.0000000
      0.0000000       0.0000000       0.0000000
      0.0000000       0.0000000       0.0000000
      0.0000000       0.0000000       0.0000000
      0.0000000       0.0000000       0.0000000
      0.0000000       0.0000000       0.0000000
      0.0000000       0.0000000       0.0000000
      0.0000000       0.0000000       0.0000000
      0.0000000       0.0000000       0.0000000
      0.0000000       0.0000000       0.0000000
      0.0000000       0.0000000       0.0000000
      0.0000000       0.0000000       0.0000000
      0.0000000       0.0000000       0.0000000
      0.0000000       0.0000000       0.0000000
      0.0000000       0.0000000       0.0000000
      0.0000000       0.0000000       0.0000000
      0.0000000       0.0000000       0.0000000
      0.0000000       0.0000000       0.0000000
      0.0000000       0.0000000       0.0000000
      0.0000000       0.0000000       0.0000000
      0.0000000       0.0000000       0.0000000
      0.0000000       0.0000000       0.0000000
      0.0000000       0.0000000       0.0000000
      0.0000000       0.0000000       0.0000000
      0.0000000       0.0000000       0.0000000
      0.0000000       0.0000000       0.0000000
      0.0000000       0.0000000       0.0000000
      0.0000000       0.0000000       0.0000000
      0.0000000       0.0000000       0.0000000
      0.0000000       0.0000000       0.0000000
      0.0000000       0.0000000       0.0000000
      0.0000000       0.0000000       0.0000000
      0.0000000       0.0000000       0.0000000
      0.0000000       0.0000000       0.0000000
      0.0000000       0.0000000       0.0000000
      0.0000000       0.0000000       0.0000000
      0.0000000       0.0000000       0.0000000
      0.0000000       0.0000000       0.0000000
      0.0000000       0.0000000       0.0000000
      0.0000000       0.0000000       0.0000000
      0.0000000       0.0000000       0.0000000
      0.0000000       0.0000000       0.0000000
      0.0000000       0.0000000       0.0000000
      0.0000000       0.0000000       0.0000000
      0.0000000       0.0000000       0.0000000
      0.0000000       0.0000000       0.0000000
      0.0000000       0.0000000       0.0000000
      0.0000000       0.0000000       0.0000000
      0.0000000       0.0000000       0.0000000
      0.0000000       0.0000000       0.0000000
      0.0000000       0.0000000       0.0000000
      0.0000000       0.0000000       0.0000000
      0.0000000       0.0000000       0.0000000
      0.0000000       0.0000000       0.0000000
      0.0000000       0.0000000       0.0000000
      0.0000000       0.0000000       0.0000000
