0	0	0
0	2.1205	2.1205
2.1205	0	2.1205
2.1205	2.1205	0
0	0	4.241
0	2.1205	6.3615
2.1205	0	6.3615
2.1205	2.1205	4.241
0	4.241	0
0	6.3615	2.1205
2.1205	4.241	2.1205
0	4.241	4.241
0	6.3615	6.3615
2.1205	4.241	6.3615
2.1205	6.3615	4.241
2.1205	6.3615	0
4.241	0	0
4.241	2.1205	2.1205
6.3615	0	2.1205
6.3615	2.1205	0
4.241	0	4.241
4.241	2.1205	6.3615
6.3615	0	6.3615
6.3615	2.1205	4.241
4.241	4.241	0
4.241	6.3615	2.1205
6.3615	4.241	2.1205
6.3615	6.3615	0
4.241	4.241	4.241
4.241	6.3615	6.3615
6.3615	4.241	6.3615
6.3615	6.3615	4.241
2.1205	0	0
2.1205	2.1205	2.1205
0	0	2.1205
0	2.1205	0
2.1205	0	4.241
2.1205	2.1205	6.3615
0	0	6.3615
0	2.1205	4.241
2.1205	4.241	0
2.1205	6.3615	2.1205
0	4.241	2.1205
0	6.3615	0
2.1205	4.241	4.241
2.1205	6.3615	6.3615
0	4.241	6.3615
0	6.3615	4.241
6.3615	0	0
6.3615	2.1205	2.1205
4.241	0	2.1205
4.241	2.1205	0
6.3615	0	4.241
6.3615	2.1205	6.3615
4.241	0	6.3615
4.241	2.1205	4.241
6.3615	4.241	0
6.3615	6.3615	2.1205
4.241	4.241	2.1205
4.241	6.3615	0
6.3615	4.241	4.241
6.3615	6.3615	6.3615
4.241	4.241	6.3615
4.241	6.3615	4.241

